0.843063	-0.132082	-0.101675	-0.087700	-0.117169	-0.075990	-0.100331	-0.091045	-0.117640	-0.094769	-0.079882	-0.092223	-0.106142	-0.029592	-0.033527	-0.030787	-0.032953	-0.033047	-0.016046	-0.010485	-0.004980	-0.019106	-0.031278	-0.021900	-0.025912	-0.034869	-0.028450	-0.032382	-0.030387	0.171299	0.165911	0.172342	0.176474	0.174488	0.173197	0.168763	0.173424	0.034904	0.041846	0.036203	0.034213	-0.010161	-0.007424	-0.007023	-0.004295	-0.006290	0.011172	0.036190	0.165623	0.182506	0.168938	-0.092496	-0.109240	-0.125619	-0.116235	-0.116019	-0.117262	-0.123383	-0.106810	-0.029907	-0.025157	-0.029220	-0.028999	-0.028715	-0.027486	-0.030147	0.192398	0.193592	0.192740	0.185232	0.186062	0.186360	0.186452	0.187169	-0.123965	-0.107632	-0.120359	-0.114479	-0.111478	-0.123457	-0.120451	-0.120358	-0.122203	-0.120313	-0.118917	-0.119779	-0.115059	-0.100063	-0.118479	-0.122445	-0.005730	-0.012587	0.087571	0.085415	0.087902	0.085506	0.158004	0.168733	-0.112807	-0.089568	-0.096132	-0.086426	-0.082488	-0.104648	-0.114818	-0.104573	0.187356	0.188069	0.189599	0.186264	
-0.132082	0.935246	0.345893	0.311920	0.380813	0.235789	0.286186	0.266461	0.325325	0.275472	0.244698	0.270825	0.299407	-0.191775	-0.194944	-0.192827	-0.194649	-0.194666	-0.176583	-0.170684	-0.163783	-0.181478	-0.192968	-0.183756	-0.187822	-0.195673	-0.189142	-0.194344	-0.191453	-0.236902	-0.200971	-0.227769	-0.246726	-0.249496	-0.247882	-0.248354	-0.241615	-0.125461	-0.116577	-0.125534	-0.121762	-0.179068	-0.176164	-0.176031	-0.172875	-0.174163	-0.154598	-0.120201	-0.153056	-0.183182	-0.161841	0.285972	0.323615	0.362389	0.340755	0.339919	0.344479	0.357978	0.319743	-0.176474	-0.172009	-0.175916	-0.175453	-0.175145	-0.174194	-0.176451	-0.228806	-0.222153	-0.227164	-0.197041	-0.232962	-0.241729	-0.222403	-0.235021	0.243870	0.212516	0.238614	0.223567	0.222356	0.243654	0.238682	0.239524	0.221344	0.220400	0.217388	0.218499	0.210198	0.185224	0.216531	0.223899	-0.162626	-0.170000	-0.108529	-0.111072	-0.110100	-0.111924	-0.151456	-0.168461	0.306838	0.255292	0.270040	0.248769	0.241047	0.287678	0.312031	0.287041	-0.220822	-0.219598	-0.212959	-0.220945	
-0.101675	0.345893	0.834193	0.274189	0.321567	0.215997	0.251121	0.237984	0.277276	0.243200	0.220884	0.240328	0.257446	-0.164652	-0.167596	-0.165295	-0.167764	-0.167193	-0.147388	-0.141001	-0.133988	-0.151618	-0.164004	-0.153605	-0.158502	-0.166799	-0.160446	-0.165399	-0.162335	-0.209542	-0.172524	-0.201580	-0.220946	-0.223585	-0.222328	-0.222747	-0.215853	-0.095381	-0.086597	-0.095578	-0.091836	-0.154120	-0.150800	-0.150465	-0.146971	-0.149167	-0.127316	-0.089800	-0.122791	-0.154094	-0.131547	0.253872	0.279671	0.303689	0.289480	0.292132	0.292171	0.300764	0.278317	-0.149761	-0.144988	-0.148961	-0.148485	-0.148504	-0.147286	-0.149312	-0.203151	-0.195667	-0.201111	-0.169022	-0.208109	-0.216496	-0.195364	-0.209770	0.192726	0.174256	0.191046	0.180359	0.182190	0.192296	0.190989	0.190311	0.173853	0.174008	0.172606	0.174050	0.168927	0.154389	0.171434	0.176557	-0.131958	-0.141435	-0.086141	-0.090983	-0.088787	-0.091788	-0.122231	-0.140222	0.260499	0.227831	0.236110	0.223286	0.215998	0.248610	0.264790	0.250319	-0.197014	-0.195291	-0.187132	-0.196722	
-0.087700	0.311920	0.274189	0.794920	0.300585	0.201958	0.233234	0.221427	0.252753	0.225003	0.214752	0.220617	0.239565	-0.151206	-0.155071	-0.152491	-0.154633	-0.154620	-0.134459	-0.127621	-0.119835	-0.138184	-0.150772	-0.140355	-0.144949	-0.153804	-0.146477	-0.151757	-0.148948	-0.195978	-0.158544	-0.187445	-0.208296	-0.211066	-0.209441	-0.210489	-0.202757	-0.081828	-0.073027	-0.081455	-0.076834	-0.142058	-0.138827	-0.138356	-0.134267	-0.136702	-0.112384	-0.074590	-0.108656	-0.141218	-0.119312	0.232135	0.255944	0.276274	0.263853	0.265423	0.267637	0.276407	0.257139	-0.136654	-0.131850	-0.136150	-0.135609	-0.135842	-0.134500	-0.137113	-0.190762	-0.182755	-0.187884	-0.155653	-0.195138	-0.204380	-0.181568	-0.196971	0.172563	0.157788	0.170569	0.160809	0.165543	0.171896	0.171195	0.171087	0.155983	0.155913	0.154796	0.154344	0.150540	0.140665	0.154705	0.157671	-0.118743	-0.127650	-0.076093	-0.080596	-0.077586	-0.081888	-0.108393	-0.127210	0.239861	0.211048	0.219470	0.206106	0.202072	0.228638	0.240475	0.230810	-0.186811	-0.184904	-0.176882	-0.186822	
-0.117169	0.380813	0.321567	0.300585	0.879283	0.227489	0.269813	0.251537	0.302032	0.260157	0.240395	0.257184	0.279934	-0.178904	-0.182466	-0.179696	-0.181892	-0.181635	-0.162769	-0.155871	-0.148299	-0.166345	-0.178256	-0.168302	-0.172641	-0.181567	-0.174419	-0.179544	-0.176711	-0.223996	-0.187222	-0.215184	-0.234812	-0.237255	-0.235547	-0.236250	-0.229267	-0.109787	-0.101295	-0.109046	-0.106344	-0.166655	-0.163448	-0.163612	-0.159607	-0.161530	-0.140124	-0.103553	-0.137216	-0.168310	-0.147456	0.269225	0.301558	0.331713	0.314985	0.314494	0.320017	0.329066	0.301196	-0.162831	-0.158028	-0.162328	-0.161626	-0.161930	-0.160617	-0.163035	-0.216696	-0.209598	-0.214602	-0.183226	-0.220834	-0.229565	-0.208986	-0.222792	0.216496	0.192342	0.213165	0.200673	0.200970	0.216090	0.213263	0.213042	0.196655	0.195046	0.193822	0.194244	0.187250	0.169273	0.194908	0.198260	-0.147332	-0.155265	-0.098397	-0.102217	-0.100580	-0.102945	-0.136661	-0.154599	0.284281	0.243992	0.255705	0.238675	0.231072	0.269773	0.287966	0.270597	-0.210779	-0.208949	-0.201829	-0.210712	
-0.075990	0.235789	0.215997	0.201958	0.227489	0.722889	0.245484	0.235970	0.257484	0.240426	0.220534	0.237608	0.250550	-0.140447	-0.144739	-0.142135	-0.144129	-0.144294	-0.123349	-0.116760	-0.109158	-0.121965	-0.136270	-0.125110	-0.130049	-0.139605	-0.131518	-0.137350	-0.134363	-0.182782	-0.143893	-0.173311	-0.194555	-0.197758	-0.195307	-0.197062	-0.189045	-0.069191	-0.060087	-0.069757	-0.067203	-0.132480	-0.128299	-0.128291	-0.124090	-0.126405	-0.102884	-0.064454	-0.097338	-0.130019	-0.107650	0.219503	0.231770	0.242240	0.235848	0.235511	0.237000	0.237105	0.229472	-0.123554	-0.118222	-0.122569	-0.121838	-0.122267	-0.120609	-0.123597	-0.176420	-0.168384	-0.174232	-0.141056	-0.180648	-0.191363	-0.167660	-0.182957	0.148681	0.143790	0.149234	0.142664	0.147440	0.148233	0.148180	0.148345	0.134756	0.134988	0.134109	0.135297	0.133578	0.129679	0.134048	0.135577	-0.102911	-0.111930	-0.067252	-0.073145	-0.070070	-0.073546	-0.095952	-0.115262	0.219168	0.204504	0.206648	0.199716	0.196081	0.214443	0.219824	0.214953	-0.177549	-0.175802	-0.167346	-0.177892	
-0.100331	0.286186	0.251121	0.233234	0.269813	0.245484	0.787439	0.263813	0.300776	0.270181	0.245941	0.268735	0.285016	-0.163415	-0.166959	-0.164219	-0.166717	-0.166651	-0.145658	-0.140050	-0.132210	-0.145760	-0.158894	-0.147829	-0.153505	-0.161772	-0.154071	-0.159338	-0.157379	-0.206179	-0.167337	-0.196577	-0.217280	-0.220127	-0.217824	-0.219146	-0.212376	-0.092843	-0.083982	-0.092957	-0.090837	-0.153756	-0.150579	-0.149864	-0.146138	-0.148233	-0.125574	-0.087844	-0.121133	-0.153944	-0.131325	0.245581	0.268036	0.287118	0.275731	0.276166	0.276806	0.282030	0.264936	-0.144854	-0.139551	-0.144255	-0.143749	-0.143780	-0.141998	-0.145146	-0.198956	-0.191335	-0.197207	-0.164512	-0.203955	-0.213269	-0.191021	-0.205890	0.185956	0.173509	0.184318	0.175799	0.179031	0.185585	0.183875	0.185287	0.169025	0.168729	0.166947	0.168978	0.164432	0.154171	0.168698	0.169127	-0.126319	-0.135523	-0.085071	-0.090357	-0.087485	-0.091127	-0.119699	-0.139217	0.258618	0.230125	0.236635	0.224226	0.220466	0.248600	0.259422	0.249335	-0.199163	-0.197648	-0.189863	-0.199750	
-0.091045	0.266461	0.237984	0.221427	0.251537	0.235970	0.263813	0.763782	0.283861	0.258012	0.236427	0.256994	0.273007	-0.154468	-0.158570	-0.156079	-0.158251	-0.157923	-0.137560	-0.130639	-0.123458	-0.137127	-0.150232	-0.139624	-0.144700	-0.153739	-0.145901	-0.151306	-0.148895	-0.195853	-0.158134	-0.187332	-0.207607	-0.210793	-0.208770	-0.209842	-0.202680	-0.084073	-0.075207	-0.084301	-0.081283	-0.146299	-0.142903	-0.142223	-0.138117	-0.140278	-0.117351	-0.079360	-0.111276	-0.144337	-0.121570	0.235438	0.254999	0.269579	0.259053	0.261342	0.262445	0.266357	0.252125	-0.136773	-0.131423	-0.135943	-0.135503	-0.135456	-0.133858	-0.137220	-0.191071	-0.182144	-0.187718	-0.155029	-0.194407	-0.204713	-0.181800	-0.196900	0.171197	0.159879	0.171044	0.162988	0.166719	0.170006	0.168902	0.170041	0.154967	0.155289	0.154059	0.156221	0.153439	0.144580	0.153980	0.156032	-0.117324	-0.126587	-0.079235	-0.084712	-0.081477	-0.084977	-0.111167	-0.130031	0.243354	0.222375	0.225772	0.215639	0.211350	0.236751	0.245352	0.235407	-0.190607	-0.188588	-0.180143	-0.190149	
-0.117640	0.325325	0.277276	0.252753	0.302032	0.257484	0.300776	0.283861	0.843847	0.291583	0.263464	0.288789	0.312554	-0.179673	-0.182741	-0.180577	-0.182660	-0.182891	-0.162854	-0.156842	-0.149471	-0.162552	-0.175211	-0.165025	-0.170166	-0.177340	-0.170910	-0.175655	-0.173963	-0.221195	-0.183981	-0.212294	-0.232213	-0.235042	-0.233226	-0.234542	-0.227220	-0.110223	-0.101487	-0.110890	-0.108288	-0.169603	-0.166492	-0.166288	-0.162104	-0.164235	-0.142686	-0.106258	-0.138370	-0.170718	-0.148438	0.264382	0.293697	0.321250	0.304136	0.303889	0.307807	0.315990	0.290841	-0.160891	-0.156052	-0.160144	-0.159567	-0.159610	-0.158261	-0.160833	-0.215053	-0.207551	-0.212526	-0.181423	-0.219131	-0.227994	-0.207165	-0.221500	0.214861	0.193575	0.211310	0.200635	0.202554	0.213124	0.210344	0.211471	0.194728	0.193784	0.191378	0.193974	0.189000	0.172033	0.191983	0.196814	-0.143610	-0.152505	-0.098132	-0.103069	-0.100713	-0.103803	-0.137751	-0.156246	0.284932	0.248112	0.257788	0.241215	0.234129	0.270662	0.288790	0.272228	-0.213520	-0.212587	-0.204261	-0.213376	
-0.094769	0.275472	0.243200	0.225003	0.260157	0.240426	0.270181	0.258012	0.291583	0.774179	0.240758	0.262334	0.278864	-0.157871	-0.162020	-0.159239	-0.161707	-0.161867	-0.140791	-0.134689	-0.127016	-0.140601	-0.153427	-0.142695	-0.148002	-0.156679	-0.149061	-0.154572	-0.151853	-0.201044	-0.162499	-0.191519	-0.212163	-0.215533	-0.212981	-0.214724	-0.207408	-0.087465	-0.078408	-0.088345	-0.085999	-0.148960	-0.145326	-0.145104	-0.141336	-0.143075	-0.120302	-0.083375	-0.116141	-0.148102	-0.126232	0.242050	0.261290	0.277545	0.265890	0.265192	0.270144	0.273741	0.256996	-0.139986	-0.134784	-0.139435	-0.138751	-0.138812	-0.137321	-0.140481	-0.195460	-0.187216	-0.192797	-0.159864	-0.198553	-0.209043	-0.186248	-0.201230	0.176579	0.165861	0.176420	0.167871	0.171721	0.176244	0.176969	0.176219	0.161282	0.160415	0.160878	0.160427	0.158637	0.148346	0.160586	0.161604	-0.120780	-0.129675	-0.081878	-0.087076	-0.084203	-0.087840	-0.114814	-0.133874	0.249443	0.224764	0.231760	0.218663	0.214831	0.242336	0.251459	0.241015	-0.194866	-0.193179	-0.184491	-0.194704	
-0.079882	0.244698	0.220884	0.214752	0.240395	0.220534	0.245941	0.236427	0.263464	0.240758	0.741073	0.240096	0.254523	-0.144629	-0.148494	-0.145944	-0.147949	-0.148186	-0.127413	-0.120598	-0.112171	-0.126819	-0.140138	-0.128919	-0.134386	-0.142820	-0.135083	-0.140873	-0.138243	-0.186835	-0.148278	-0.177250	-0.198690	-0.201525	-0.199715	-0.200912	-0.193454	-0.072922	-0.063670	-0.073037	-0.070418	-0.135890	-0.131977	-0.131803	-0.128344	-0.129828	-0.105938	-0.067639	-0.100713	-0.133821	-0.111185	0.219075	0.235565	0.247157	0.239910	0.240518	0.242755	0.246507	0.232715	-0.126495	-0.121074	-0.126086	-0.125593	-0.125339	-0.124056	-0.126954	-0.180579	-0.172674	-0.178076	-0.144847	-0.184658	-0.195195	-0.172294	-0.187395	0.156372	0.148030	0.156783	0.149951	0.154906	0.156637	0.157623	0.156149	0.143914	0.144046	0.142459	0.142947	0.140515	0.133349	0.144822	0.143565	-0.107604	-0.116279	-0.069926	-0.075801	-0.072352	-0.076339	-0.100379	-0.119314	0.223260	0.206071	0.210763	0.201094	0.198177	0.218559	0.223856	0.218468	-0.181310	-0.179622	-0.171237	-0.181659	
-0.092223	0.270825	0.240328	0.220617	0.257184	0.237608	0.268735	0.256994	0.288789	0.262334	0.240096	0.767706	0.278541	-0.156400	-0.160431	-0.158172	-0.160290	-0.160099	-0.139742	-0.133141	-0.125682	-0.139321	-0.152723	-0.142014	-0.147410	-0.156087	-0.147614	-0.153630	-0.150810	-0.198784	-0.159235	-0.188588	-0.209873	-0.212725	-0.210833	-0.212101	-0.204369	-0.086529	-0.076569	-0.087148	-0.084048	-0.148915	-0.145180	-0.144672	-0.140816	-0.142769	-0.119574	-0.081851	-0.113108	-0.145788	-0.122766	0.239226	0.256215	0.272814	0.262217	0.263389	0.266654	0.270305	0.254944	-0.138539	-0.133213	-0.138190	-0.137477	-0.137555	-0.135761	-0.138808	-0.192683	-0.184106	-0.189728	-0.156873	-0.195556	-0.206824	-0.183613	-0.198827	0.172757	0.163019	0.173542	0.165707	0.168689	0.172838	0.173551	0.173157	0.157893	0.157698	0.156736	0.158500	0.155997	0.147340	0.157893	0.158869	-0.119298	-0.128365	-0.079487	-0.085112	-0.081919	-0.085692	-0.111888	-0.131215	0.246102	0.221969	0.229019	0.217675	0.212601	0.238235	0.248581	0.239546	-0.192053	-0.190021	-0.182153	-0.192598	
-0.106142	0.299407	0.257446	0.239565	0.279934	0.250550	0.285016	0.273007	0.312554	0.278864	0.254523	0.278541	0.805266	-0.169719	-0.173167	-0.170760	-0.172819	-0.173163	-0.153156	-0.146323	-0.139173	-0.152016	-0.164919	-0.154602	-0.159678	-0.168325	-0.160357	-0.166450	-0.163701	-0.210997	-0.172203	-0.201479	-0.221962	-0.224571	-0.222803	-0.223727	-0.217106	-0.098838	-0.090452	-0.099059	-0.097444	-0.159923	-0.156437	-0.156049	-0.152257	-0.154323	-0.131853	-0.095057	-0.126112	-0.158691	-0.136423	0.251859	0.277681	0.298219	0.285703	0.285533	0.290075	0.294028	0.274540	-0.151175	-0.145878	-0.150469	-0.149821	-0.149704	-0.148296	-0.151141	-0.204012	-0.195797	-0.201324	-0.170203	-0.207776	-0.218182	-0.195976	-0.210643	0.195108	0.180090	0.193179	0.183080	0.187156	0.194524	0.193360	0.193329	0.178178	0.177709	0.175113	0.177281	0.173109	0.160811	0.176306	0.178078	-0.132617	-0.141185	-0.089729	-0.094754	-0.092624	-0.095613	-0.125587	-0.144433	0.267574	0.236985	0.242276	0.229874	0.226524	0.256861	0.269245	0.256313	-0.203566	-0.201813	-0.193606	-0.203582	
-0.029592	-0.191775	-0.164652	-0.151206	-0.178904	-0.140447	-0.163415	-0.154468	-0.179673	-0.157871	-0.144629	-0.156400	-0.169719	1.029149	0.480962	0.470432	0.481572	0.480320	0.411660	0.386529	0.362351	0.302588	0.337485	0.310866	0.322173	0.345091	0.326793	0.339315	0.333529	-0.119681	-0.098766	-0.117302	-0.135878	-0.134145	-0.130643	-0.125472	-0.127256	0.143469	0.126544	0.141905	0.131920	0.248468	0.241261	0.241222	0.233727	0.238059	0.192931	0.126323	-0.070091	-0.092429	-0.074515	-0.155960	-0.171914	-0.186886	-0.177994	-0.177339	-0.180578	-0.185178	-0.169716	0.249428	0.238841	0.248245	0.247152	0.247686	0.244092	0.249634	-0.117079	-0.110842	-0.114100	-0.093642	-0.127739	-0.135021	-0.119319	-0.128456	-0.189235	-0.172303	-0.185938	-0.180200	-0.176861	-0.187260	-0.186268	-0.185865	-0.186558	-0.185940	-0.184687	-0.185304	-0.180941	-0.166960	-0.183108	-0.187573	0.266293	0.288738	-0.030981	-0.031932	-0.030847	-0.032268	-0.067006	-0.079918	-0.176170	-0.154576	-0.159424	-0.149955	-0.146499	-0.167928	-0.177463	-0.168138	-0.124967	-0.123410	-0.119159	-0.125844	
-0.033527	-0.194944	-0.167596	-0.155071	-0.182466	-0.144739	-0.166959	-0.158570	-0.182741	-0.162020	-0.148494	-0.160431	-0.173167	0.480962	1.045601	0.483794	0.493247	0.493729	0.418785	0.391889	0.367421	0.307545	0.344259	0.316078	0.328644	0.354105	0.332593	0.347658	0.340808	-0.120622	-0.100622	-0.118772	-0.136220	-0.134220	-0.130902	-0.125137	-0.128222	0.143270	0.125187	0.141629	0.133550	0.257000	0.247762	0.248275	0.239106	0.244049	0.195113	0.126421	-0.072998	-0.094607	-0.078261	-0.160317	-0.174970	-0.190233	-0.181710	-0.180882	-0.184317	-0.188336	-0.173930	0.255187	0.242491	0.253611	0.252145	0.252529	0.248770	0.255423	-0.117617	-0.111576	-0.115089	-0.095795	-0.128574	-0.134490	-0.120748	-0.129641	-0.191924	-0.175781	-0.188982	-0.183542	-0.180631	-0.190156	-0.189318	-0.189106	-0.190054	-0.189501	-0.187785	-0.188337	-0.184419	-0.170765	-0.186449	-0.190659	0.267223	0.290796	-0.032226	-0.032577	-0.032044	-0.032610	-0.070573	-0.082814	-0.179334	-0.158524	-0.163526	-0.153926	-0.150387	-0.171317	-0.180953	-0.171770	-0.124471	-0.123954	-0.120374	-0.125533	
-0.030787	-0.192827	-0.165295	-0.152491	-0.179696	-0.142135	-0.164219	-0.156079	-0.180577	-0.159239	-0.145944	-0.158172	-0.170760	0.470432	0.483794	1.032754	0.482990	0.483068	0.414711	0.389414	0.364583	0.306281	0.341118	0.313324	0.326888	0.348719	0.330367	0.343965	0.337293	-0.120003	-0.099041	-0.117826	-0.135779	-0.134313	-0.130734	-0.125361	-0.128208	0.144115	0.126311	0.141476	0.132174	0.250165	0.242620	0.242545	0.234747	0.239156	0.192816	0.126132	-0.070918	-0.093233	-0.075687	-0.157577	-0.172622	-0.187945	-0.179249	-0.178671	-0.181447	-0.186207	-0.171392	0.252593	0.240883	0.250821	0.249521	0.249876	0.246669	0.252567	-0.117561	-0.110737	-0.114310	-0.094291	-0.127746	-0.134737	-0.119813	-0.129123	-0.190633	-0.173884	-0.187460	-0.182447	-0.178758	-0.188931	-0.187986	-0.187589	-0.188312	-0.187824	-0.185882	-0.186945	-0.182784	-0.168649	-0.184808	-0.189059	0.266719	0.288725	-0.031476	-0.031969	-0.031187	-0.032245	-0.067690	-0.081196	-0.177580	-0.155689	-0.161006	-0.151400	-0.147908	-0.169314	-0.178605	-0.169345	-0.124754	-0.123412	-0.119559	-0.124919	
-0.032953	-0.194649	-0.167764	-0.154633	-0.181892	-0.144129	-0.166717	-0.158251	-0.182660	-0.161707	-0.147949	-0.160290	-0.172819	0.481572	0.493247	0.482990	1.048136	0.491470	0.418967	0.392101	0.368268	0.307151	0.344987	0.314900	0.328779	0.353087	0.332056	0.348529	0.340741	-0.120963	-0.101450	-0.119398	-0.137238	-0.134941	-0.131878	-0.125721	-0.129269	0.142650	0.125446	0.140890	0.133281	0.255935	0.246703	0.247424	0.238224	0.242865	0.194280	0.126401	-0.073250	-0.095108	-0.078768	-0.159737	-0.175002	-0.190182	-0.181308	-0.180546	-0.183553	-0.188207	-0.173552	0.256877	0.244265	0.255433	0.254132	0.254244	0.250163	0.257232	-0.118741	-0.112540	-0.115745	-0.096320	-0.129111	-0.135864	-0.121593	-0.130689	-0.191676	-0.175082	-0.188687	-0.183306	-0.180300	-0.189897	-0.188910	-0.188645	-0.189516	-0.189052	-0.187496	-0.188523	-0.184195	-0.170274	-0.186202	-0.190536	0.267262	0.289808	-0.032608	-0.033101	-0.032367	-0.032582	-0.070058	-0.082650	-0.179217	-0.157968	-0.163273	-0.153293	-0.149967	-0.171367	-0.180587	-0.171315	-0.125732	-0.123932	-0.120947	-0.126081	
-0.033047	-0.194666	-0.167193	-0.154620	-0.181635	-0.144294	-0.166651	-0.157923	-0.182891	-0.161867	-0.148186	-0.160099	-0.173163	0.480320	0.493729	0.483068	0.491470	1.043198	0.417863	0.392316	0.367295	0.308916	0.345321	0.316707	0.329291	0.354561	0.333614	0.348726	0.341781	-0.121004	-0.101069	-0.119147	-0.136649	-0.134738	-0.131455	-0.126124	-0.128746	0.143744	0.125928	0.142329	0.133407	0.255597	0.246983	0.246843	0.237911	0.243104	0.194584	0.126937	-0.072988	-0.094875	-0.077882	-0.159754	-0.174740	-0.190217	-0.181325	-0.180491	-0.183564	-0.188325	-0.173052	0.256225	0.243731	0.254216	0.253100	0.252986	0.249582	0.256140	-0.118301	-0.111850	-0.115453	-0.095618	-0.128949	-0.135613	-0.121093	-0.130337	-0.192447	-0.175906	-0.189084	-0.184030	-0.180560	-0.190620	-0.189575	-0.189083	-0.190109	-0.189989	-0.187970	-0.188605	-0.184652	-0.170826	-0.187021	-0.191284	0.267085	0.290421	-0.032886	-0.033189	-0.032633	-0.033412	-0.069689	-0.082833	-0.179525	-0.157658	-0.163212	-0.153327	-0.149936	-0.171306	-0.180283	-0.171071	-0.125298	-0.124050	-0.120268	-0.125498	
-0.016046	-0.176583	-0.147388	-0.134459	-0.162769	-0.123349	-0.145658	-0.137560	-0.162854	-0.140791	-0.127413	-0.139742	-0.153156	0.411660	0.418785	0.414711	0.418967	0.417863	0.951891	0.351313	0.330004	0.274708	0.298847	0.281192	0.289897	0.304078	0.292515	0.301753	0.296192	-0.111606	-0.086687	-0.108240	-0.127690	-0.126135	-0.123298	-0.119084	-0.119757	0.141993	0.128792	0.138290	0.127093	0.217796	0.212716	0.213164	0.208004	0.211765	0.178226	0.123724	-0.054887	-0.079501	-0.060447	-0.138999	-0.154905	-0.170709	-0.161835	-0.161108	-0.163979	-0.168947	-0.153675	0.221162	0.214775	0.219438	0.219801	0.219182	0.217774	0.221297	-0.108463	-0.101728	-0.105568	-0.082715	-0.118137	-0.126269	-0.108446	-0.119959	-0.173207	-0.155585	-0.169867	-0.164243	-0.160286	-0.171302	-0.169829	-0.170139	-0.171011	-0.170291	-0.168082	-0.168830	-0.164858	-0.150088	-0.167115	-0.171758	0.247870	0.264060	-0.021154	-0.023108	-0.021815	-0.023403	-0.052011	-0.066206	-0.159589	-0.137312	-0.142593	-0.133023	-0.129418	-0.151127	-0.160721	-0.151580	-0.116238	-0.114254	-0.108506	-0.116266	
-0.010485	-0.170684	-0.141001	-0.127621	-0.155871	-0.116760	-0.140050	-0.130639	-0.156842	-0.134689	-0.120598	-0.133141	-0.146323	0.386529	0.391889	0.389414	0.392101	0.392316	0.351313	0.912157	0.327552	0.263031	0.283820	0.267674	0.275720	0.287150	0.277696	0.284279	0.282323	-0.108076	-0.082534	-0.103000	-0.124517	-0.123473	-0.121260	-0.116873	-0.116103	0.141857	0.128128	0.142028	0.138089	0.205139	0.203278	0.203684	0.198447	0.201365	0.177740	0.133004	-0.048026	-0.072859	-0.054583	-0.132939	-0.148221	-0.164292	-0.155127	-0.154198	-0.157402	-0.162091	-0.146855	0.208956	0.204844	0.208444	0.208641	0.209043	0.206745	0.209204	-0.106347	-0.098709	-0.103101	-0.078610	-0.115730	-0.124129	-0.104097	-0.117237	-0.167355	-0.149447	-0.163641	-0.157731	-0.154214	-0.165462	-0.164102	-0.163984	-0.164790	-0.163928	-0.162146	-0.163370	-0.158383	-0.143505	-0.160663	-0.165496	0.240327	0.252621	-0.016448	-0.019680	-0.016813	-0.019897	-0.045862	-0.060882	-0.152513	-0.130397	-0.136438	-0.126168	-0.122711	-0.144877	-0.154608	-0.144962	-0.113879	-0.111615	-0.105612	-0.113794	
-0.004980	-0.163783	-0.133988	-0.119835	-0.148299	-0.109158	-0.132210	-0.123458	-0.149471	-0.127016	-0.112171	-0.125682	-0.139173	0.362351	0.367421	0.364583	0.368268	0.367295	0.330004	0.327552	0.882689	0.242656	0.263308	0.247553	0.255493	0.267077	0.257071	0.265050	0.261461	-0.102565	-0.075288	-0.098024	-0.118145	-0.117760	-0.115173	-0.111255	-0.109826	0.135072	0.122139	0.137280	0.155296	0.192859	0.190215	0.190805	0.185170	0.189769	0.171490	0.149474	-0.040346	-0.065150	-0.047902	-0.124939	-0.140875	-0.156958	-0.148161	-0.146733	-0.149753	-0.155238	-0.138944	0.196962	0.191513	0.195773	0.195500	0.194744	0.193473	0.196717	-0.100866	-0.093768	-0.097923	-0.073033	-0.109726	-0.117977	-0.097166	-0.111162	-0.159782	-0.141335	-0.155986	-0.150438	-0.146915	-0.157991	-0.155965	-0.156323	-0.156850	-0.155946	-0.154146	-0.154865	-0.150472	-0.135678	-0.153025	-0.157793	0.221442	0.233314	-0.013070	-0.016260	-0.014236	-0.016477	-0.039174	-0.055282	-0.145957	-0.123044	-0.128563	-0.118774	-0.114966	-0.137133	-0.147303	-0.137045	-0.107750	-0.106538	-0.100291	-0.108248	
-0.019106	-0.181478	-0.151618	-0.138184	-0.166345	-0.121965	-0.145760	-0.137127	-0.162552	-0.140601	-0.126819	-0.139321	-0.152016	0.302588	0.307545	0.306281	0.307151	0.308916	0.274708	0.263031	0.242656	0.930718	0.403439	0.384732	0.395279	0.409525	0.392557	0.404147	0.399857	-0.110792	-0.087288	-0.106227	-0.128481	-0.127972	-0.124350	-0.119530	-0.119835	0.133789	0.121307	0.129487	0.113300	0.191932	0.188545	0.189409	0.183571	0.187416	0.159966	0.110566	-0.057989	-0.082894	-0.063928	-0.138494	-0.154413	-0.169895	-0.161728	-0.160901	-0.162738	-0.168241	-0.153052	0.249228	0.244332	0.248502	0.247879	0.247456	0.247486	0.249090	-0.110329	-0.103475	-0.107125	-0.082562	-0.119350	-0.128562	-0.109409	-0.120863	-0.172530	-0.155205	-0.169381	-0.163756	-0.159954	-0.171143	-0.169432	-0.169392	-0.170774	-0.170108	-0.168243	-0.169092	-0.164087	-0.149305	-0.167109	-0.171931	0.278674	0.294876	-0.022028	-0.024843	-0.022285	-0.024817	-0.055159	-0.069812	-0.158800	-0.136303	-0.141893	-0.132905	-0.128736	-0.150516	-0.160490	-0.150654	-0.121929	-0.121181	-0.114554	-0.122926	
-0.031278	-0.192968	-0.164004	-0.150772	-0.178256	-0.136270	-0.158894	-0.150232	-0.175211	-0.153427	-0.140138	-0.152723	-0.164919	0.337485	0.344259	0.341118	0.344987	0.345321	0.298847	0.283820	0.263308	0.403439	0.998917	0.408663	0.423398	0.451787	0.428558	0.445013	0.437183	-0.118866	-0.097066	-0.115572	-0.136246	-0.134055	-0.130904	-0.125513	-0.127018	0.130610	0.116215	0.128535	0.117076	0.216701	0.210843	0.211184	0.203356	0.207807	0.170882	0.113096	-0.070512	-0.094276	-0.075239	-0.152193	-0.167708	-0.182876	-0.174394	-0.173685	-0.175742	-0.181281	-0.166264	0.276313	0.266849	0.275285	0.273919	0.274036	0.271981	0.276169	-0.117672	-0.110978	-0.114450	-0.092055	-0.127127	-0.135698	-0.118427	-0.128521	-0.184400	-0.167793	-0.180983	-0.175780	-0.172976	-0.183042	-0.182002	-0.181790	-0.182958	-0.182090	-0.180730	-0.180973	-0.176800	-0.162433	-0.179258	-0.183996	0.291076	0.312345	-0.030119	-0.032032	-0.030086	-0.031667	-0.067760	-0.081242	-0.171560	-0.149503	-0.155604	-0.146355	-0.142720	-0.164013	-0.172568	-0.164044	-0.128928	-0.128066	-0.122996	-0.130227	
-0.021900	-0.183756	-0.153605	-0.140355	-0.168302	-0.125110	-0.147829	-0.139624	-0.165025	-0.142695	-0.128919	-0.142014	-0.154602	0.310866	0.316078	0.313324	0.314900	0.316707	0.281192	0.267674	0.247553	0.384732	0.408663	0.944584	0.400415	0.416573	0.400015	0.410613	0.404197	-0.112262	-0.088443	-0.108000	-0.129992	-0.128711	-0.124799	-0.120204	-0.120806	0.132729	0.119891	0.130999	0.115085	0.198095	0.193954	0.195061	0.188873	0.192753	0.164002	0.112536	-0.060195	-0.085457	-0.066123	-0.141182	-0.157332	-0.172417	-0.164255	-0.163143	-0.165431	-0.171178	-0.155401	0.254464	0.247424	0.253739	0.252201	0.252449	0.251202	0.252907	-0.112606	-0.104944	-0.109182	-0.084821	-0.120956	-0.130151	-0.111419	-0.122606	-0.175229	-0.157994	-0.171914	-0.166444	-0.162695	-0.173848	-0.171899	-0.172210	-0.172921	-0.172344	-0.170841	-0.171417	-0.166721	-0.152046	-0.169886	-0.174084	0.278107	0.296246	-0.023883	-0.026533	-0.024206	-0.026346	-0.057716	-0.072577	-0.161962	-0.138866	-0.144985	-0.135735	-0.131857	-0.153406	-0.162613	-0.153401	-0.122870	-0.122425	-0.116279	-0.124604	
-0.025912	-0.187822	-0.158502	-0.144949	-0.172641	-0.130049	-0.153505	-0.144700	-0.170166	-0.148002	-0.134386	-0.147410	-0.159678	0.322173	0.328644	0.326888	0.328779	0.329291	0.289897	0.275720	0.255493	0.395279	0.423398	0.400415	0.964092	0.432175	0.411322	0.426209	0.417096	-0.115146	-0.092330	-0.111032	-0.132531	-0.130989	-0.127403	-0.122363	-0.122911	0.132168	0.118314	0.128733	0.114114	0.205322	0.199998	0.201082	0.194650	0.198524	0.167451	0.111654	-0.064855	-0.089392	-0.069535	-0.146543	-0.162027	-0.177160	-0.168986	-0.168206	-0.170287	-0.175719	-0.160167	0.264114	0.256901	0.263585	0.262433	0.262996	0.261689	0.264249	-0.114771	-0.107400	-0.111430	-0.087729	-0.123721	-0.132019	-0.114998	-0.125620	-0.179699	-0.162897	-0.175778	-0.170652	-0.167854	-0.178027	-0.176381	-0.176923	-0.177527	-0.177122	-0.175334	-0.175845	-0.171577	-0.157192	-0.174397	-0.178583	0.285749	0.304417	-0.027272	-0.030017	-0.027429	-0.029360	-0.061841	-0.075971	-0.165933	-0.143609	-0.148902	-0.140359	-0.136291	-0.157756	-0.167024	-0.158019	-0.125184	-0.124209	-0.118711	-0.126299	
-0.034869	-0.195673	-0.166799	-0.153804	-0.181567	-0.139605	-0.161772	-0.153739	-0.177340	-0.156679	-0.142820	-0.156087	-0.168325	0.345091	0.354105	0.348719	0.353087	0.354561	0.304078	0.287150	0.267077	0.409525	0.451787	0.416573	0.432175	1.017427	0.437270	0.453267	0.445259	-0.119908	-0.099207	-0.117143	-0.136842	-0.135151	-0.132070	-0.125872	-0.128345	0.129817	0.115707	0.127998	0.116539	0.221961	0.215176	0.214519	0.207399	0.212544	0.172715	0.112291	-0.072819	-0.097302	-0.078260	-0.155469	-0.170692	-0.185658	-0.177147	-0.176859	-0.178822	-0.183867	-0.169118	0.283409	0.271509	0.282743	0.280195	0.280603	0.277794	0.283497	-0.118387	-0.112109	-0.115742	-0.094297	-0.128038	-0.136146	-0.120301	-0.129812	-0.187360	-0.171212	-0.183748	-0.178984	-0.175830	-0.185991	-0.184737	-0.184341	-0.185634	-0.184956	-0.183281	-0.184172	-0.180028	-0.165709	-0.182415	-0.186707	0.292029	0.314962	-0.032070	-0.033276	-0.031716	-0.032935	-0.070489	-0.084066	-0.174366	-0.152975	-0.158470	-0.149577	-0.145930	-0.166855	-0.175713	-0.167059	-0.130671	-0.129821	-0.124994	-0.131293	
-0.028450	-0.189142	-0.160446	-0.146477	-0.174419	-0.131518	-0.154071	-0.145901	-0.170910	-0.149061	-0.135083	-0.147614	-0.160357	0.326793	0.332593	0.330367	0.332056	0.333614	0.292515	0.277696	0.257071	0.392557	0.428558	0.400015	0.411322	0.437270	0.975597	0.428673	0.423266	-0.116353	-0.093419	-0.112192	-0.133216	-0.132600	-0.128581	-0.124218	-0.124368	0.132309	0.117255	0.128618	0.115740	0.208563	0.203329	0.204181	0.197446	0.201944	0.167615	0.112377	-0.065973	-0.090492	-0.072447	-0.147738	-0.163377	-0.178587	-0.169962	-0.169336	-0.171720	-0.176915	-0.161648	0.267724	0.259739	0.266987	0.265662	0.266309	0.263986	0.267616	-0.114963	-0.108596	-0.112204	-0.089560	-0.125546	-0.133707	-0.115641	-0.126661	-0.180924	-0.163736	-0.176848	-0.170867	-0.168342	-0.178735	-0.177404	-0.177192	-0.178158	-0.177819	-0.175847	-0.176726	-0.172214	-0.157853	-0.175177	-0.179493	0.285706	0.307106	-0.028420	-0.031081	-0.028903	-0.030817	-0.063203	-0.077767	-0.167218	-0.145362	-0.151173	-0.142197	-0.137908	-0.159564	-0.168641	-0.159381	-0.126658	-0.125785	-0.120091	-0.127400	
-0.032382	-0.194344	-0.165399	-0.151757	-0.179544	-0.137350	-0.159338	-0.151306	-0.175655	-0.154572	-0.140873	-0.153630	-0.166450	0.339315	0.347658	0.343965	0.348529	0.348726	0.301753	0.284279	0.265050	0.404147	0.445013	0.410613	0.426209	0.453267	0.428673	1.008260	0.435676	-0.119346	-0.098692	-0.116409	-0.136607	-0.135563	-0.132013	-0.126129	-0.127812	0.130041	0.116264	0.128061	0.116971	0.218383	0.211236	0.211791	0.205140	0.209442	0.171798	0.113180	-0.071769	-0.095641	-0.077406	-0.153220	-0.168580	-0.183456	-0.175028	-0.174551	-0.176578	-0.181743	-0.166696	0.280853	0.269767	0.279432	0.278298	0.278451	0.275327	0.280935	-0.118639	-0.111856	-0.115328	-0.093877	-0.127832	-0.136694	-0.119857	-0.129897	-0.185004	-0.168279	-0.181587	-0.176111	-0.172992	-0.183492	-0.182381	-0.182014	-0.183147	-0.182403	-0.181412	-0.181964	-0.177624	-0.163008	-0.179815	-0.184583	0.292265	0.313053	-0.031656	-0.033231	-0.031433	-0.033240	-0.068471	-0.082725	-0.172586	-0.150731	-0.156161	-0.147090	-0.143544	-0.164279	-0.173760	-0.164881	-0.129871	-0.129205	-0.124260	-0.130933	
-0.030387	-0.191453	-0.162335	-0.148948	-0.176711	-0.134363	-0.157379	-0.148895	-0.173963	-0.151853	-0.138243	-0.150810	-0.163701	0.333529	0.340808	0.337293	0.340741	0.341781	0.296192	0.282323	0.261461	0.399857	0.437183	0.404197	0.417096	0.445259	0.423266	0.435676	0.991933	-0.116626	-0.095028	-0.113018	-0.133976	-0.132416	-0.129448	-0.123802	-0.124915	0.131525	0.117427	0.129135	0.118057	0.214094	0.208800	0.209236	0.201593	0.207267	0.171405	0.113910	-0.068022	-0.092339	-0.074235	-0.150268	-0.166401	-0.180915	-0.172487	-0.172461	-0.174185	-0.179766	-0.164642	0.271366	0.261390	0.269832	0.269036	0.269487	0.265626	0.270895	-0.116745	-0.109719	-0.113873	-0.091318	-0.125671	-0.134289	-0.116455	-0.127784	-0.183710	-0.166284	-0.179741	-0.173802	-0.171271	-0.181105	-0.179863	-0.179835	-0.180748	-0.180408	-0.178615	-0.179399	-0.175118	-0.160841	-0.177755	-0.182529	0.286473	0.307795	-0.029483	-0.031753	-0.029414	-0.031215	-0.065817	-0.080137	-0.170027	-0.148178	-0.154095	-0.144994	-0.140843	-0.162106	-0.171896	-0.162411	-0.127532	-0.126361	-0.121398	-0.128451	
0.171299	-0.236902	-0.209542	-0.195978	-0.223996	-0.182782	-0.206179	-0.195853	-0.221195	-0.201044	-0.186835	-0.198784	-0.210997	-0.119681	-0.120622	-0.120003	-0.120963	-0.121004	-0.111606	-0.108076	-0.102565	-0.110792	-0.118866	-0.112262	-0.115146	-0.119908	-0.116353	-0.119346	-0.116626	1.544550	0.486630	0.587067	0.669531	0.669529	0.668779	0.653902	0.642138	-0.064606	-0.059475	-0.062546	-0.067471	-0.088577	-0.087628	-0.088054	-0.086579	-0.087979	-0.080039	-0.066628	0.277591	0.370607	0.302712	-0.197785	-0.213020	-0.228206	-0.219772	-0.220055	-0.221078	-0.226403	-0.211131	-0.121630	-0.118210	-0.120835	-0.120870	-0.120479	-0.119725	-0.121269	0.465080	0.441123	0.456137	0.367340	0.538804	0.573844	0.504533	0.547710	-0.222881	-0.208122	-0.219969	-0.214671	-0.212229	-0.221678	-0.219450	-0.219166	-0.220287	-0.219455	-0.218308	-0.218035	-0.214491	-0.200814	-0.217698	-0.221224	-0.101147	-0.105005	0.089963	0.098837	0.093643	0.100093	0.273856	0.332664	-0.217787	-0.196354	-0.201861	-0.192422	-0.189256	-0.209670	-0.218587	-0.209113	0.482164	0.476925	0.454933	0.483929	
0.165911	-0.200971	-0.172524	-0.158544	-0.187222	-0.143893	-0.167337	-0.158134	-0.183981	-0.162499	-0.148278	-0.159235	-0.172203	-0.098766	-0.100622	-0.099041	-0.101450	-0.101069	-0.086687	-0.082534	-0.075288	-0.087288	-0.097066	-0.088443	-0.092330	-0.099207	-0.093419	-0.098692	-0.095028	0.486630	1.311355	0.474901	0.519491	0.516876	0.513987	0.506993	0.505589	-0.035458	-0.027132	-0.034984	-0.039060	-0.074173	-0.071816	-0.071790	-0.069715	-0.071246	-0.057508	-0.036779	0.245871	0.313345	0.266204	-0.159888	-0.175824	-0.191413	-0.181809	-0.182947	-0.184321	-0.189468	-0.173649	-0.094395	-0.090203	-0.094039	-0.093647	-0.093357	-0.092300	-0.094260	0.359092	0.349225	0.356956	0.304857	0.420965	0.441494	0.402014	0.427418	-0.188185	-0.171223	-0.184400	-0.179465	-0.176286	-0.187065	-0.184065	-0.184209	-0.186037	-0.185020	-0.182983	-0.183333	-0.178613	-0.164170	-0.181998	-0.186695	-0.072748	-0.078494	0.085561	0.088264	0.086076	0.088872	0.246865	0.285542	-0.180359	-0.157690	-0.164041	-0.154916	-0.150949	-0.172854	-0.182210	-0.172374	0.371459	0.368537	0.356572	0.372072	
0.172342	-0.227769	-0.201580	-0.187445	-0.215184	-0.173311	-0.196577	-0.187332	-0.212294	-0.191519	-0.177250	-0.188588	-0.201479	-0.117302	-0.118772	-0.117826	-0.119398	-0.119147	-0.108240	-0.103000	-0.098024	-0.106227	-0.115572	-0.108000	-0.111032	-0.117143	-0.112192	-0.116409	-0.113018	0.587067	0.474901	1.488416	0.634773	0.635555	0.628651	0.621965	0.612619	-0.058817	-0.052077	-0.057560	-0.062086	-0.088236	-0.085992	-0.086488	-0.084948	-0.086402	-0.076056	-0.060863	0.269414	0.359485	0.295022	-0.188266	-0.203680	-0.219240	-0.210550	-0.210494	-0.212159	-0.217449	-0.201986	-0.113994	-0.110574	-0.113324	-0.112967	-0.112582	-0.111756	-0.113591	0.440859	0.420395	0.434263	0.353295	0.511364	0.541415	0.482023	0.518298	-0.213956	-0.198514	-0.210807	-0.205194	-0.203103	-0.212990	-0.211018	-0.210247	-0.211089	-0.210643	-0.209657	-0.209187	-0.205085	-0.191354	-0.208660	-0.212763	-0.094990	-0.098788	0.089170	0.096470	0.091514	0.097227	0.267842	0.321441	-0.208239	-0.186972	-0.192473	-0.183016	-0.179808	-0.200401	-0.209377	-0.200414	0.453756	0.450150	0.431484	0.455545	
0.176474	-0.246726	-0.220946	-0.208296	-0.234812	-0.194555	-0.217280	-0.207607	-0.232213	-0.212163	-0.198690	-0.209873	-0.221962	-0.135878	-0.136220	-0.135779	-0.137238	-0.136649	-0.127690	-0.124517	-0.118145	-0.128481	-0.136246	-0.129992	-0.132531	-0.136842	-0.133216	-0.136607	-0.133976	0.669531	0.519491	0.634773	1.655929	0.742623	0.730538	0.724922	0.700233	-0.078718	-0.072934	-0.077484	-0.081696	-0.101270	-0.100280	-0.100426	-0.099812	-0.100963	-0.093997	-0.080527	0.290143	0.395812	0.317147	-0.209444	-0.224608	-0.239301	-0.230599	-0.231102	-0.232048	-0.237088	-0.223034	-0.135766	-0.133303	-0.135553	-0.135375	-0.134770	-0.134609	-0.135762	0.506697	0.476372	0.495687	0.389218	0.585761	0.630793	0.543215	0.596015	-0.232295	-0.219015	-0.230363	-0.225262	-0.223176	-0.231929	-0.229719	-0.229055	-0.230657	-0.229534	-0.229142	-0.228970	-0.224511	-0.211885	-0.227955	-0.231072	-0.118402	-0.121600	0.096825	0.107736	0.100369	0.108856	0.287116	0.350420	-0.227617	-0.207805	-0.213075	-0.204212	-0.200791	-0.221009	-0.229284	-0.220802	0.530671	0.523027	0.494108	0.532199	
0.174488	-0.249496	-0.223585	-0.211066	-0.237255	-0.197758	-0.220127	-0.210793	-0.235042	-0.215533	-0.201525	-0.212725	-0.224571	-0.134145	-0.134220	-0.134313	-0.134941	-0.134738	-0.126135	-0.123473	-0.117760	-0.127972	-0.134055	-0.128711	-0.130989	-0.135151	-0.132600	-0.135563	-0.132416	0.669529	0.516876	0.635555	0.742623	1.660651	0.735039	0.735939	0.705910	-0.080312	-0.073714	-0.078335	-0.081805	-0.099401	-0.099010	-0.099186	-0.098632	-0.099248	-0.093126	-0.081289	0.285960	0.393767	0.315951	-0.211798	-0.227111	-0.241857	-0.232864	-0.233759	-0.234676	-0.239834	-0.225583	-0.134793	-0.133316	-0.135008	-0.134545	-0.134190	-0.133904	-0.134641	0.513306	0.480713	0.502332	0.390719	0.590874	0.639962	0.544764	0.602090	-0.233989	-0.220799	-0.231933	-0.226819	-0.225013	-0.233261	-0.231533	-0.230518	-0.231817	-0.231698	-0.230474	-0.230248	-0.226705	-0.213984	-0.229543	-0.233236	-0.118207	-0.121429	0.096395	0.108240	0.101139	0.109418	0.285047	0.347104	-0.230648	-0.210599	-0.216397	-0.207302	-0.204196	-0.223986	-0.232196	-0.223899	0.537489	0.529933	0.497896	0.539634	
0.173197	-0.247882	-0.222328	-0.209441	-0.235547	-0.195307	-0.217824	-0.208770	-0.233226	-0.212981	-0.199715	-0.210833	-0.222803	-0.130643	-0.130902	-0.130734	-0.131878	-0.131455	-0.123298	-0.121260	-0.115173	-0.124350	-0.130904	-0.124799	-0.127403	-0.132070	-0.128581	-0.132013	-0.129448	0.668779	0.513987	0.628651	0.730538	0.735039	1.641385	0.719721	0.699938	-0.077635	-0.072386	-0.076461	-0.080880	-0.097936	-0.097379	-0.098024	-0.096757	-0.097861	-0.091643	-0.079539	0.285999	0.390545	0.313603	-0.210393	-0.225491	-0.240285	-0.231375	-0.232282	-0.232902	-0.237864	-0.223643	-0.130590	-0.128329	-0.130057	-0.129949	-0.129660	-0.129196	-0.130217	0.503854	0.473541	0.492469	0.386791	0.580441	0.627848	0.539440	0.594158	-0.233237	-0.219904	-0.230973	-0.225812	-0.223204	-0.232491	-0.229848	-0.230200	-0.230964	-0.230767	-0.229443	-0.228944	-0.225038	-0.212435	-0.228464	-0.231824	-0.113873	-0.117951	0.095199	0.105321	0.098636	0.106969	0.282092	0.346502	-0.229112	-0.208694	-0.214439	-0.204994	-0.201870	-0.222105	-0.230470	-0.221513	0.527163	0.519494	0.489786	0.528477	
0.168763	-0.248354	-0.222747	-0.210489	-0.236250	-0.197062	-0.219146	-0.209842	-0.234542	-0.214724	-0.200912	-0.212101	-0.223727	-0.125472	-0.125137	-0.125361	-0.125721	-0.126124	-0.119084	-0.116873	-0.111255	-0.119530	-0.125513	-0.120204	-0.122363	-0.125872	-0.124218	-0.126129	-0.123802	0.653902	0.506993	0.621965	0.724922	0.735939	0.719721	1.638629	0.694987	-0.076491	-0.071052	-0.074860	-0.078905	-0.093151	-0.093259	-0.093512	-0.092821	-0.094466	-0.089721	-0.078852	0.279052	0.383700	0.305355	-0.211203	-0.227021	-0.240858	-0.231931	-0.233419	-0.233700	-0.238752	-0.225084	-0.124760	-0.122588	-0.124571	-0.124594	-0.124435	-0.123817	-0.124345	0.500732	0.468893	0.488908	0.379844	0.576369	0.627068	0.531139	0.588197	-0.233163	-0.220376	-0.230715	-0.225791	-0.224074	-0.232215	-0.230457	-0.229965	-0.231519	-0.230758	-0.229624	-0.229374	-0.225308	-0.213115	-0.228681	-0.232171	-0.110728	-0.112940	0.095357	0.105787	0.098402	0.107168	0.275443	0.340696	-0.230208	-0.210574	-0.215594	-0.206416	-0.203185	-0.223558	-0.231280	-0.222995	0.525527	0.516902	0.487591	0.526864	
0.173424	-0.241615	-0.215853	-0.202757	-0.229267	-0.189045	-0.212376	-0.202680	-0.227220	-0.207408	-0.193454	-0.204369	-0.217106	-0.127256	-0.128222	-0.128208	-0.129269	-0.128746	-0.119757	-0.116103	-0.109826	-0.119835	-0.127018	-0.120806	-0.122911	-0.128345	-0.124368	-0.127812	-0.124915	0.642138	0.505589	0.612619	0.700233	0.705910	0.699938	0.694987	1.597040	-0.072942	-0.066712	-0.069991	-0.074452	-0.095850	-0.094473	-0.094881	-0.093614	-0.094848	-0.087026	-0.073431	0.284164	0.385586	0.309885	-0.204066	-0.219521	-0.233447	-0.225179	-0.225605	-0.226575	-0.232060	-0.217518	-0.126883	-0.123938	-0.126266	-0.126373	-0.125887	-0.125471	-0.126932	0.485090	0.457807	0.475357	0.377139	0.560459	0.602224	0.523480	0.571319	-0.227166	-0.213957	-0.224676	-0.219449	-0.218082	-0.226236	-0.224210	-0.223855	-0.225326	-0.224238	-0.223419	-0.223502	-0.219156	-0.206382	-0.222606	-0.226168	-0.108734	-0.112651	0.093911	0.103124	0.096843	0.104487	0.280757	0.340687	-0.223391	-0.202914	-0.208462	-0.199421	-0.196119	-0.216604	-0.224927	-0.216564	0.504295	0.499252	0.473767	0.505715	
