83
AF549116_1_1_1057_Cottus_beldingi_isolate_CBG03_cy 0.0000000 0.0000010 0.0315802 0.1046014 0.1348527 0.1440526 0.1012712 0.1012712 0.1042251 0.1042251 0.1092127 0.1061931 0.1109010 0.1109010 0.1012712 0.1012712 0.1025045 0.1012712 0.1012712 0.0999990 0.0954569 0.0954569 0.1021913 0.0974611 0.0980301 0.0973672 0.0980301 0.0994016 0.0963844 0.0963844 0.0934430 0.0934430 0.0951067 0.0951067 0.0972301 0.0972301 0.0950264 0.0950264 0.0954159 0.0954159 0.0973770 0.0937221 0.0973334 0.0971155 0.0966341 0.0966341 0.0995339 0.0978808 0.0978808 0.0981179 0.0960386 0.0992534 0.1007668 0.1009142 0.1121774 0.1099785 0.1128129 0.1092127 0.1092127 0.1105974 0.1105974 0.1091718 0.1128129 0.1128129 0.1032235 0.1044604 0.1092127 0.1078582 0.1078582 0.1141374 0.1222258 0.1222258 0.1106947 0.1126258 0.1126258 0.1091513 0.1091513 0.1141374 0.1112241 0.1076282 0.1076282 0.1097193 0.1076469 
AF549117_1_1_1057_Cottus_beldingi_isolate_CBG04_cy 0.0000010 0.0000000 0.0315575 0.1044987 0.1346913 0.1438757 0.1011760 0.1011760 0.1041253 0.1041253 0.1090987 0.1060904 0.1107828 0.1107828 0.1011760 0.1011760 0.1024081 0.1011760 0.1011760 0.0999050 0.0953659 0.0953659 0.1020911 0.0973672 0.0979363 0.0972735 0.0979363 0.0993049 0.0962937 0.0962937 0.0933558 0.0933558 0.0950173 0.0950173 0.0971366 0.0971366 0.0949360 0.0949360 0.0953246 0.0953246 0.0972829 0.0936331 0.0972393 0.0970220 0.0965418 0.0965418 0.0994302 0.0977792 0.0977792 0.0980157 0.0959396 0.0991503 0.1006600 0.1008072 0.1120579 0.1098625 0.1126939 0.1090987 0.1090987 0.1104819 0.1104819 0.1090578 0.1126939 0.1126939 0.1031255 0.1043600 0.1090987 0.1077502 0.1077502 0.1140215 0.1220841 0.1220841 0.1105763 0.1125047 0.1125047 0.1090420 0.1090420 0.1140215 0.1111116 0.1075191 0.1075191 0.1096069 0.1075388 
AY833337_1_1_1050_Cottus_beldingii_cytochrome_b__c 0.0315802 0.0315575 0.0000000 0.0971894 0.1236071 0.1323551 0.0966611 0.0966611 0.0982727 0.0982727 0.1015397 0.1001815 0.1012075 0.1012075 0.0941655 0.0941655 0.0953975 0.0978873 0.0978873 0.0978873 0.0895502 0.0895502 0.0961047 0.0914863 0.0920966 0.0913997 0.0920966 0.0933657 0.0892741 0.0892741 0.0863839 0.0863839 0.0880016 0.0880016 0.0912708 0.0912708 0.0891333 0.0891333 0.0894881 0.0894881 0.0913874 0.0878375 0.0913447 0.0911460 0.0907152 0.0907152 0.0919951 0.0903939 0.0903939 0.0906029 0.0886267 0.0917455 0.0930904 0.0914252 0.1024686 0.1022219 0.1050200 0.1015397 0.1015397 0.1029067 0.1029067 0.1015011 0.1050200 0.1050200 0.0985608 0.0984885 0.1015397 0.0990020 0.0990020 0.1051813 0.1088363 0.1088363 0.1012564 0.1031310 0.1031310 0.1002981 0.1002981 0.1051813 0.1022914 0.0986650 0.0986650 0.1006733 0.1000699 
EU836699_1_7_1087_Cottus_asper_cytochrome_b__cytb_ 0.1046014 0.1044987 0.0971894 0.0000000 0.0275597 0.0327998 0.0434001 0.0434001 0.0426755 0.0426755 0.0479822 0.0439584 0.0497566 0.0497566 0.0455568 0.0455568 0.0466277 0.0455568 0.0455568 0.0444696 0.0399734 0.0399734 0.0434596 0.0412841 0.0408376 0.0412537 0.0408376 0.0425807 0.0380656 0.0380656 0.0403228 0.0403228 0.0415239 0.0415239 0.0389974 0.0389974 0.0384979 0.0384979 0.0407816 0.0407816 0.0420841 0.0395755 0.0431499 0.0419946 0.0398233 0.0398233 0.0420310 0.0393916 0.0393916 0.0408037 0.0380612 0.0381758 0.0410414 0.0400421 0.0483061 0.0482168 0.0507270 0.0479822 0.0479822 0.0492136 0.0492136 0.0479620 0.0507270 0.0507270 0.0447008 0.0451824 0.0479822 0.0057438 0.0057438 0.0106833 0.0100219 0.0100219 0.0071391 0.0071386 0.0071386 0.0067100 0.0067100 0.0106833 0.0077067 0.0067740 0.0067740 0.0077807 0.0037619 
JX484692_1_Cottus_gulosus_isolate_RR1_cytochrome_b 0.1348527 0.1346913 0.1236071 0.0275597 0.0000000 0.0042510 0.0635373 0.0635373 0.0650875 0.0650875 0.0648547 0.0667932 0.0669964 0.0669964 0.0648547 0.0648547 0.0661445 0.0648274 0.0648274 0.0648274 0.0620969 0.0620969 0.0637632 0.0637632 0.0634108 0.0622193 0.0634108 0.0654534 0.0594962 0.0594962 0.0623221 0.0623221 0.0638754 0.0638754 0.0611437 0.0611437 0.0607835 0.0607835 0.0623221 0.0623221 0.0623221 0.0607835 0.0639977 0.0638698 0.0620969 0.0620969 0.0604180 0.0608094 0.0608094 0.0591145 0.0592848 0.0594962 0.0628852 0.0520306 0.0616603 0.0636634 0.0644963 0.0648547 0.0648547 0.0661722 0.0661722 0.0648274 0.0679109 0.0679109 0.0635373 0.0635373 0.0648547 0.0286349 0.0286349 0.0261105 0.0275529 0.0275529 0.0290611 0.0318129 0.0318129 0.0286349 0.0286349 0.0261105 0.0299621 0.0299698 0.0299698 0.0313143 0.0299951 
JX484693_1_Cottus_gulosus_isolate_RR2_cytochrome_b 0.1440526 0.1438757 0.1323551 0.0327998 0.0042510 0.0000000 0.0699301 0.0699301 0.0715414 0.0715414 0.0712736 0.0733295 0.0735575 0.0735575 0.0712736 0.0712736 0.0725863 0.0712437 0.0712437 0.0712437 0.0684451 0.0684451 0.0701910 0.0701910 0.0697854 0.0685858 0.0697854 0.0719628 0.0657924 0.0657924 0.0687050 0.0687050 0.0703209 0.0703209 0.0675195 0.0675195 0.0671046 0.0671046 0.0687050 0.0687050 0.0687050 0.0671046 0.0704615 0.0703145 0.0684451 0.0684451 0.0666855 0.0671331 0.0671331 0.0653551 0.0655475 0.0657924 0.0693484 0.0580229 0.0679490 0.0700750 0.0708620 0.0712736 0.0712736 0.0726166 0.0726166 0.0712437 0.0744380 0.0744380 0.0699301 0.0699301 0.0712736 0.0326536 0.0326536 0.0300485 0.0317362 0.0317362 0.0331454 0.0360081 0.0360081 0.0326536 0.0326536 0.0300485 0.0340319 0.0352730 0.0352730 0.0366797 0.0353058 
KJ509369_1_Cottus_pitensis_isolate_Pit_11_cytochro 0.1012712 0.1011760 0.0966611 0.0434001 0.0635373 0.0699301 0.0000000 0.0000010 0.0009377 0.0009377 0.0010402 0.0018846 0.0031553 0.0031553 0.0037206 0.0037206 0.0027858 0.0018547 0.0018547 0.0009256 0.0239538 0.0239538 0.0260287 0.0250984 0.0248468 0.0250814 0.0248468 0.0251331 0.0265018 0.0265018 0.0265654 0.0265654 0.0276547 0.0276547 0.0250488 0.0250488 0.0247474 0.0247474 0.0268577 0.0268577 0.0280139 0.0279579 0.0290262 0.0279579 0.0259200 0.0259200 0.0288628 0.0264470 0.0264470 0.0277095 0.0276648 0.0253049 0.0290171 0.0280917 0.0031586 0.0010429 0.0031431 0.0010402 0.0010402 0.0020819 0.0020819 0.0010389 0.0031431 0.0031431 0.0009295 0.0009388 0.0010402 0.0462583 0.0462583 0.0522279 0.0473873 0.0473873 0.0458825 0.0458790 0.0458790 0.0473455 0.0473455 0.0522279 0.0486645 0.0445456 0.0445456 0.0458618 0.0460640 
KJ509370_1_Cottus_pitensis_isolate_Pit_12_cytochro 0.1012712 0.1011760 0.0966611 0.0434001 0.0635373 0.0699301 0.0000010 0.0000000 0.0009377 0.0009377 0.0010402 0.0018846 0.0031553 0.0031553 0.0037206 0.0037206 0.0027858 0.0018547 0.0018547 0.0009256 0.0239538 0.0239538 0.0260287 0.0250984 0.0248468 0.0250814 0.0248468 0.0251331 0.0265018 0.0265018 0.0265654 0.0265654 0.0276547 0.0276547 0.0250488 0.0250488 0.0247474 0.0247474 0.0268577 0.0268577 0.0280139 0.0279579 0.0290262 0.0279579 0.0259200 0.0259200 0.0288628 0.0264470 0.0264470 0.0277095 0.0276648 0.0253049 0.0290171 0.0280917 0.0031586 0.0010429 0.0031431 0.0010402 0.0010402 0.0020819 0.0020819 0.0010389 0.0031431 0.0031431 0.0009295 0.0009388 0.0010402 0.0462583 0.0462583 0.0522279 0.0473873 0.0473873 0.0458825 0.0458790 0.0458790 0.0473455 0.0473455 0.0522279 0.0486645 0.0445456 0.0445456 0.0458618 0.0460640 
KJ509373_1_Cottus_pitensis_isolate_Pit_15_cytochro 0.1042251 0.1041253 0.0982727 0.0426755 0.0650875 0.0715414 0.0009377 0.0009377 0.0000000 0.0000010 0.0020871 0.0009388 0.0042242 0.0042242 0.0047173 0.0047173 0.0037675 0.0028219 0.0028219 0.0018780 0.0250468 0.0250468 0.0271338 0.0262026 0.0259384 0.0261847 0.0259384 0.0262391 0.0268662 0.0268662 0.0269317 0.0269317 0.0280375 0.0280375 0.0261507 0.0261507 0.0258345 0.0258345 0.0279579 0.0279579 0.0291251 0.0290666 0.0301415 0.0290666 0.0270188 0.0270188 0.0300998 0.0276648 0.0276648 0.0289401 0.0288930 0.0265163 0.0302620 0.0293420 0.0020970 0.0020942 0.0042077 0.0020871 0.0020871 0.0031367 0.0031367 0.0020862 0.0042077 0.0042077 0.0018857 0.0018845 0.0020871 0.0474955 0.0474955 0.0535046 0.0488247 0.0488247 0.0472008 0.0471972 0.0471972 0.0485873 0.0485873 0.0535046 0.0499188 0.0457890 0.0457890 0.0471180 0.0453471 
KJ509374_1_Cottus_pitensis_isolate_Pit_16_cytochro 0.1042251 0.1041253 0.0982727 0.0426755 0.0650875 0.0715414 0.0009377 0.0009377 0.0000010 0.0000000 0.0020871 0.0009388 0.0042242 0.0042242 0.0047173 0.0047173 0.0037675 0.0028219 0.0028219 0.0018780 0.0250468 0.0250468 0.0271338 0.0262026 0.0259384 0.0261847 0.0259384 0.0262391 0.0268662 0.0268662 0.0269317 0.0269317 0.0280375 0.0280375 0.0261507 0.0261507 0.0258345 0.0258345 0.0279579 0.0279579 0.0291251 0.0290666 0.0301415 0.0290666 0.0270188 0.0270188 0.0300998 0.0276648 0.0276648 0.0289401 0.0288930 0.0265163 0.0302620 0.0293420 0.0020970 0.0020942 0.0042077 0.0020871 0.0020871 0.0031367 0.0031367 0.0020862 0.0042077 0.0042077 0.0018857 0.0018845 0.0020871 0.0474955 0.0474955 0.0535046 0.0488247 0.0488247 0.0472008 0.0471972 0.0471972 0.0485873 0.0485873 0.0535046 0.0499188 0.0457890 0.0457890 0.0471180 0.0453471 
KJ509395_1_Cottus_pitensis_isolate_Pit_Clark5_cyto 0.1092127 0.1090987 0.1015397 0.0479822 0.0648547 0.0712736 0.0010402 0.0010402 0.0020871 0.0020871 0.0000000 0.0031476 0.0042152 0.0042152 0.0052319 0.0052319 0.0041777 0.0020819 0.0020819 0.0020819 0.0264470 0.0264470 0.0290478 0.0277074 0.0275919 0.0277074 0.0275919 0.0277502 0.0287274 0.0287274 0.0288060 0.0288060 0.0300423 0.0300423 0.0277074 0.0277074 0.0275803 0.0275803 0.0299468 0.0299468 0.0299468 0.0311867 0.0312357 0.0311867 0.0287274 0.0287274 0.0300188 0.0275919 0.0275919 0.0288628 0.0288160 0.0264470 0.0301800 0.0292624 0.0042196 0.0020898 0.0041987 0.0020819 0.0020819 0.0031300 0.0031300 0.0020819 0.0041987 0.0041987 0.0010402 0.0010402 0.0000010 0.0491770 0.0491770 0.0531195 0.0495613 0.0495613 0.0478161 0.0478122 0.0478122 0.0491770 0.0491770 0.0531195 0.0506570 0.0469949 0.0469949 0.0484690 0.0510726 
KJ509397_1_Cottus_pitensis_isolate_Pit_Clark7_cyto 0.1061931 0.1060904 0.1001815 0.0439584 0.0667932 0.0733295 0.0018846 0.0018846 0.0009388 0.0009388 0.0031476 0.0000000 0.0053106 0.0053106 0.0056881 0.0056881 0.0047321 0.0037807 0.0037807 0.0028307 0.0261864 0.0261864 0.0282893 0.0273556 0.0270779 0.0273368 0.0270779 0.0273941 0.0280075 0.0280075 0.0280766 0.0280766 0.0291930 0.0291930 0.0273011 0.0273011 0.0269689 0.0269689 0.0291093 0.0291093 0.0302897 0.0302286 0.0313120 0.0302286 0.0281673 0.0281673 0.0313993 0.0289401 0.0289401 0.0302310 0.0301813 0.0277830 0.0315702 0.0306545 0.0031627 0.0031584 0.0052891 0.0031476 0.0031476 0.0042049 0.0042049 0.0031463 0.0052891 0.0052891 0.0028423 0.0028404 0.0031476 0.0488240 0.0488240 0.0548861 0.0503731 0.0503731 0.0486168 0.0486130 0.0486130 0.0499224 0.0499224 0.0548861 0.0512698 0.0471214 0.0471214 0.0484664 0.0466638 
KJ509400_1_Cottus_pitensis_isolate_Pit_Fall1_cytoc 0.1109010 0.1107828 0.1012075 0.0497566 0.0669964 0.0735575 0.0031553 0.0031553 0.0042242 0.0042242 0.0042152 0.0053106 0.0000000 0.0000010 0.0074135 0.0074135 0.0063424 0.0042134 0.0042134 0.0042134 0.0290171 0.0290171 0.0316899 0.0303097 0.0301800 0.0303097 0.0301800 0.0303575 0.0301672 0.0301672 0.0314203 0.0314203 0.0326845 0.0326845 0.0303097 0.0303097 0.0301672 0.0301672 0.0325781 0.0325781 0.0325781 0.0338458 0.0339002 0.0338458 0.0313323 0.0313323 0.0326578 0.0301800 0.0301800 0.0314835 0.0314314 0.0290171 0.0328368 0.0319275 0.0064086 0.0042296 0.0063753 0.0042152 0.0042152 0.0052790 0.0052790 0.0042134 0.0063753 0.0063753 0.0031553 0.0031553 0.0042152 0.0509659 0.0509659 0.0549748 0.0514612 0.0514612 0.0496265 0.0496224 0.0496224 0.0509659 0.0509659 0.0549748 0.0524778 0.0487646 0.0487646 0.0502706 0.0529180 
KJ509401_1_Cottus_pitensis_isolate_Pit_Fall2_cytoc 0.1109010 0.1107828 0.1012075 0.0497566 0.0669964 0.0735575 0.0031553 0.0031553 0.0042242 0.0042242 0.0042152 0.0053106 0.0000010 0.0000000 0.0074135 0.0074135 0.0063424 0.0042134 0.0042134 0.0042134 0.0290171 0.0290171 0.0316899 0.0303097 0.0301800 0.0303097 0.0301800 0.0303575 0.0301672 0.0301672 0.0314203 0.0314203 0.0326845 0.0326845 0.0303097 0.0303097 0.0301672 0.0301672 0.0325781 0.0325781 0.0325781 0.0338458 0.0339002 0.0338458 0.0313323 0.0313323 0.0326578 0.0301800 0.0301800 0.0314835 0.0314314 0.0290171 0.0328368 0.0319275 0.0064086 0.0042296 0.0063753 0.0042152 0.0042152 0.0052790 0.0052790 0.0042134 0.0063753 0.0063753 0.0031553 0.0031553 0.0042152 0.0509659 0.0509659 0.0549748 0.0514612 0.0514612 0.0496265 0.0496224 0.0496224 0.0509659 0.0509659 0.0549748 0.0524778 0.0487646 0.0487646 0.0502706 0.0529180 
KJ509408_1_Cottus_pitensis_isolate_Pit_Ash1_cytoch 0.1012712 0.1011760 0.0941655 0.0455568 0.0648547 0.0712736 0.0037206 0.0037206 0.0047173 0.0047173 0.0052319 0.0056881 0.0074135 0.0074135 0.0000000 0.0000010 0.0009256 0.0055973 0.0055973 0.0046567 0.0260145 0.0260145 0.0281010 0.0271739 0.0269001 0.0271554 0.0269001 0.0272118 0.0285323 0.0285323 0.0286017 0.0286017 0.0297008 0.0297008 0.0271202 0.0271202 0.0267926 0.0267926 0.0268577 0.0268577 0.0280139 0.0279579 0.0290262 0.0279579 0.0279809 0.0279809 0.0311643 0.0287274 0.0287274 0.0300061 0.0299573 0.0275803 0.0313323 0.0304228 0.0074219 0.0052500 0.0052561 0.0052319 0.0052319 0.0041794 0.0041794 0.0052296 0.0052561 0.0052561 0.0046759 0.0047228 0.0052319 0.0473633 0.0473633 0.0533495 0.0499254 0.0499254 0.0482212 0.0482175 0.0482175 0.0484513 0.0484513 0.0533495 0.0497774 0.0456613 0.0456613 0.0469849 0.0471668 
KJ509409_1_Cottus_pitensis_isolate_Pit_Ash2_cytoch 0.1012712 0.1011760 0.0941655 0.0455568 0.0648547 0.0712736 0.0037206 0.0037206 0.0047173 0.0047173 0.0052319 0.0056881 0.0074135 0.0074135 0.0000010 0.0000000 0.0009256 0.0055973 0.0055973 0.0046567 0.0260145 0.0260145 0.0281010 0.0271739 0.0269001 0.0271554 0.0269001 0.0272118 0.0285323 0.0285323 0.0286017 0.0286017 0.0297008 0.0297008 0.0271202 0.0271202 0.0267926 0.0267926 0.0268577 0.0268577 0.0280139 0.0279579 0.0290262 0.0279579 0.0279809 0.0279809 0.0311643 0.0287274 0.0287274 0.0300061 0.0299573 0.0275803 0.0313323 0.0304228 0.0074219 0.0052500 0.0052561 0.0052319 0.0052319 0.0041794 0.0041794 0.0052296 0.0052561 0.0052561 0.0046759 0.0047228 0.0052319 0.0473633 0.0473633 0.0533495 0.0499254 0.0499254 0.0482212 0.0482175 0.0482175 0.0484513 0.0484513 0.0533495 0.0497774 0.0456613 0.0456613 0.0469849 0.0471668 
KJ509412_1_Cottus_pitensis_isolate_Pit_Ash5_cytoch 0.1025045 0.1024081 0.0953975 0.0466277 0.0661445 0.0725863 0.0027858 0.0027858 0.0037675 0.0037675 0.0041777 0.0047321 0.0063424 0.0063424 0.0009256 0.0009256 0.0000000 0.0046567 0.0046567 0.0037192 0.0270426 0.0270426 0.0291344 0.0282090 0.0279242 0.0281898 0.0279242 0.0282486 0.0295446 0.0295446 0.0296169 0.0296169 0.0307206 0.0307206 0.0281533 0.0281533 0.0278128 0.0278128 0.0278807 0.0278807 0.0290437 0.0289857 0.0300569 0.0289857 0.0290085 0.0290085 0.0323113 0.0298646 0.0298646 0.0311511 0.0311001 0.0287153 0.0324862 0.0315849 0.0063495 0.0041921 0.0041969 0.0041777 0.0041777 0.0031287 0.0031287 0.0041759 0.0041969 0.0041969 0.0037344 0.0037719 0.0041777 0.0484513 0.0484513 0.0544514 0.0499254 0.0499254 0.0482212 0.0482175 0.0482175 0.0495395 0.0495395 0.0544514 0.0508721 0.0467604 0.0467604 0.0480908 0.0482527 
KJ509413_1_Cottus_pitensis_isolate_Pit_SF1_cytochr 0.1012712 0.1011760 0.0978873 0.0455568 0.0648274 0.0712437 0.0018547 0.0018547 0.0028219 0.0028219 0.0020819 0.0037807 0.0042134 0.0042134 0.0055973 0.0055973 0.0046567 0.0000000 0.0000010 0.0009256 0.0260145 0.0260145 0.0281010 0.0271739 0.0269001 0.0271554 0.0269001 0.0272118 0.0285323 0.0285323 0.0286017 0.0286017 0.0297008 0.0297008 0.0271202 0.0271202 0.0267926 0.0267926 0.0289162 0.0289162 0.0300865 0.0300262 0.0311009 0.0300262 0.0279809 0.0279809 0.0300061 0.0275803 0.0275803 0.0288506 0.0288039 0.0264358 0.0301672 0.0292498 0.0042178 0.0020889 0.0041969 0.0020819 0.0020819 0.0031287 0.0031287 0.0020819 0.0041969 0.0041969 0.0027971 0.0028252 0.0020819 0.0484513 0.0484513 0.0544514 0.0486453 0.0486453 0.0482212 0.0482175 0.0482175 0.0495395 0.0495395 0.0544514 0.0508721 0.0467604 0.0467604 0.0480908 0.0482527 
KJ509414_1_Cottus_pitensis_isolate_Pit_SF2_cytochr 0.1012712 0.1011760 0.0978873 0.0455568 0.0648274 0.0712437 0.0018547 0.0018547 0.0028219 0.0028219 0.0020819 0.0037807 0.0042134 0.0042134 0.0055973 0.0055973 0.0046567 0.0000010 0.0000000 0.0009256 0.0260145 0.0260145 0.0281010 0.0271739 0.0269001 0.0271554 0.0269001 0.0272118 0.0285323 0.0285323 0.0286017 0.0286017 0.0297008 0.0297008 0.0271202 0.0271202 0.0267926 0.0267926 0.0289162 0.0289162 0.0300865 0.0300262 0.0311009 0.0300262 0.0279809 0.0279809 0.0300061 0.0275803 0.0275803 0.0288506 0.0288039 0.0264358 0.0301672 0.0292498 0.0042178 0.0020889 0.0041969 0.0020819 0.0020819 0.0031287 0.0031287 0.0020819 0.0041969 0.0041969 0.0027971 0.0028252 0.0020819 0.0484513 0.0484513 0.0544514 0.0486453 0.0486453 0.0482212 0.0482175 0.0482175 0.0495395 0.0495395 0.0544514 0.0508721 0.0467604 0.0467604 0.0480908 0.0482527 
KJ509420_1_Cottus_pitensis_isolate_Pit_SF8_cytochr 0.0999990 0.0999050 0.0978873 0.0444696 0.0648274 0.0712437 0.0009256 0.0009256 0.0018780 0.0018780 0.0020819 0.0028307 0.0042134 0.0042134 0.0046567 0.0046567 0.0037192 0.0009256 0.0009256 0.0000000 0.0249783 0.0249783 0.0270587 0.0261301 0.0258675 0.0261123 0.0258675 0.0261664 0.0275110 0.0275110 0.0275774 0.0275774 0.0286714 0.0286714 0.0260785 0.0260785 0.0257642 0.0257642 0.0278807 0.0278807 0.0290437 0.0289857 0.0300569 0.0289857 0.0269443 0.0269443 0.0300061 0.0275803 0.0275803 0.0288506 0.0288039 0.0264358 0.0301672 0.0292498 0.0042178 0.0020889 0.0041969 0.0020819 0.0020819 0.0031287 0.0031287 0.0020819 0.0041969 0.0041969 0.0018616 0.0018802 0.0020819 0.0473455 0.0473455 0.0533295 0.0486453 0.0486453 0.0470419 0.0470383 0.0470383 0.0484330 0.0484330 0.0533295 0.0497586 0.0456438 0.0456438 0.0469668 0.0471490 
KJ509429_1_Cottus_gulosus_isolate_Kaweah1_cytochro 0.0954569 0.0953659 0.0895502 0.0399734 0.0620969 0.0684451 0.0239538 0.0239538 0.0250468 0.0250468 0.0264470 0.0261864 0.0290171 0.0290171 0.0260145 0.0260145 0.0270426 0.0260145 0.0260145 0.0249783 0.0000000 0.0000010 0.0028666 0.0009463 0.0009429 0.0009458 0.0009429 0.0019018 0.0018883 0.0018883 0.0018920 0.0018920 0.0028485 0.0028485 0.0028461 0.0028461 0.0009425 0.0009425 0.0028419 0.0028419 0.0038099 0.0038029 0.0047656 0.0038029 0.0018931 0.0018931 0.0052428 0.0031228 0.0031228 0.0041863 0.0041806 0.0020779 0.0052670 0.0042381 0.0290653 0.0265569 0.0288801 0.0264470 0.0264470 0.0275919 0.0275919 0.0264358 0.0288801 0.0288801 0.0239538 0.0250814 0.0264470 0.0423409 0.0423409 0.0483157 0.0436574 0.0436574 0.0424266 0.0424233 0.0424233 0.0434368 0.0434368 0.0483157 0.0447449 0.0415512 0.0415512 0.0428580 0.0426414 
KJ509430_1_Cottus_gulosus_isolate_Kaweah2_cytochro 0.0954569 0.0953659 0.0895502 0.0399734 0.0620969 0.0684451 0.0239538 0.0239538 0.0250468 0.0250468 0.0264470 0.0261864 0.0290171 0.0290171 0.0260145 0.0260145 0.0270426 0.0260145 0.0260145 0.0249783 0.0000010 0.0000000 0.0028666 0.0009463 0.0009429 0.0009458 0.0009429 0.0019018 0.0018883 0.0018883 0.0018920 0.0018920 0.0028485 0.0028485 0.0028461 0.0028461 0.0009425 0.0009425 0.0028419 0.0028419 0.0038099 0.0038029 0.0047656 0.0038029 0.0018931 0.0018931 0.0052428 0.0031228 0.0031228 0.0041863 0.0041806 0.0020779 0.0052670 0.0042381 0.0290653 0.0265569 0.0288801 0.0264470 0.0264470 0.0275919 0.0275919 0.0264358 0.0288801 0.0288801 0.0239538 0.0250814 0.0264470 0.0423409 0.0423409 0.0483157 0.0436574 0.0436574 0.0424266 0.0424233 0.0424233 0.0434368 0.0434368 0.0483157 0.0447449 0.0415512 0.0415512 0.0428580 0.0426414 
KJ509431_1_Cottus_gulosus_isolate_Kaweah3_cytochro 0.1021913 0.1020911 0.0961047 0.0434596 0.0637632 0.0701910 0.0260287 0.0260287 0.0271338 0.0271338 0.0290478 0.0282893 0.0316899 0.0316899 0.0281010 0.0281010 0.0291344 0.0281010 0.0281010 0.0270587 0.0028666 0.0028666 0.0000000 0.0038444 0.0038078 0.0038420 0.0038078 0.0028654 0.0047503 0.0047503 0.0047600 0.0047600 0.0057337 0.0057337 0.0057737 0.0057737 0.0037929 0.0037929 0.0057198 0.0057198 0.0067107 0.0066981 0.0076747 0.0066981 0.0047767 0.0047767 0.0085340 0.0063526 0.0063526 0.0074529 0.0074422 0.0052827 0.0085752 0.0075477 0.0317451 0.0291719 0.0289249 0.0290478 0.0290478 0.0302123 0.0302123 0.0290354 0.0315365 0.0315365 0.0271885 0.0271717 0.0290478 0.0458674 0.0458674 0.0519438 0.0436574 0.0436574 0.0452238 0.0452203 0.0452203 0.0469742 0.0469742 0.0519438 0.0483153 0.0452374 0.0452374 0.0465823 0.0462016 
KJ509432_1_Cottus_gulosus_isolate_Kaweah4_cytochro 0.0974611 0.0973672 0.0914863 0.0412841 0.0637632 0.0701910 0.0250984 0.0250984 0.0262026 0.0262026 0.0277074 0.0273556 0.0303097 0.0303097 0.0271739 0.0271739 0.0282090 0.0271739 0.0271739 0.0261301 0.0009463 0.0009463 0.0038444 0.0000000 0.0018960 0.0019018 0.0018960 0.0028665 0.0028479 0.0028479 0.0028535 0.0028535 0.0038187 0.0038187 0.0038155 0.0038155 0.0018953 0.0018953 0.0038097 0.0038097 0.0047894 0.0047795 0.0057511 0.0047795 0.0028552 0.0028552 0.0063252 0.0041861 0.0041861 0.0052610 0.0052538 0.0031335 0.0063558 0.0053265 0.0303611 0.0278240 0.0301649 0.0277074 0.0277074 0.0288607 0.0288607 0.0276957 0.0301649 0.0301649 0.0250984 0.0262391 0.0277074 0.0436747 0.0436747 0.0497081 0.0451600 0.0451600 0.0438026 0.0437992 0.0437992 0.0447784 0.0447784 0.0497081 0.0461034 0.0428901 0.0428901 0.0442140 0.0439889 
KJ509434_1_Cottus_gulosus_isolate_Kaweah6_cytochro 0.0980301 0.0979363 0.0920966 0.0408376 0.0634108 0.0697854 0.0248468 0.0248468 0.0259384 0.0259384 0.0275919 0.0270779 0.0301800 0.0301800 0.0269001 0.0269001 0.0279242 0.0269001 0.0269001 0.0258675 0.0009429 0.0009429 0.0038078 0.0018960 0.0000000 0.0018949 0.0000010 0.0028577 0.0028219 0.0028219 0.0028274 0.0028274 0.0037838 0.0037838 0.0037965 0.0037965 0.0018780 0.0018780 0.0037749 0.0037749 0.0047443 0.0047357 0.0056969 0.0047357 0.0028290 0.0028290 0.0063032 0.0041716 0.0041716 0.0052428 0.0052356 0.0031228 0.0063324 0.0053080 0.0302310 0.0277074 0.0300367 0.0275919 0.0275919 0.0287395 0.0287395 0.0275803 0.0300367 0.0300367 0.0259902 0.0259742 0.0275919 0.0431982 0.0431982 0.0491539 0.0449346 0.0449346 0.0436024 0.0435991 0.0435991 0.0442889 0.0442889 0.0491539 0.0455955 0.0424190 0.0424190 0.0437245 0.0435045 
KJ509436_1_Cottus_gulosus_isolate_Kaweah8_cytochro 0.0973672 0.0972735 0.0913997 0.0412537 0.0622193 0.0685858 0.0250814 0.0250814 0.0261847 0.0261847 0.0277074 0.0273368 0.0303097 0.0303097 0.0271554 0.0271554 0.0281898 0.0271554 0.0271554 0.0261123 0.0009458 0.0009458 0.0038420 0.0019018 0.0018949 0.0000000 0.0018949 0.0028665 0.0028461 0.0028461 0.0028517 0.0028517 0.0038164 0.0038164 0.0038131 0.0038131 0.0018941 0.0018941 0.0038074 0.0038074 0.0047864 0.0047766 0.0057476 0.0047766 0.0028534 0.0028534 0.0063252 0.0041861 0.0041861 0.0052610 0.0052538 0.0031335 0.0063558 0.0053265 0.0303611 0.0252769 0.0301649 0.0277074 0.0277074 0.0288607 0.0288607 0.0276957 0.0301649 0.0301649 0.0250814 0.0262212 0.0277074 0.0436422 0.0436422 0.0496700 0.0451600 0.0451600 0.0438026 0.0437992 0.0437992 0.0447449 0.0447449 0.0496700 0.0460687 0.0428580 0.0428580 0.0441805 0.0439558 
KJ509442_1_Cottus_gulosus_isolate_Upper_Kingsgs6_c 0.0980301 0.0979363 0.0920966 0.0408376 0.0634108 0.0697854 0.0248468 0.0248468 0.0259384 0.0259384 0.0275919 0.0270779 0.0301800 0.0301800 0.0269001 0.0269001 0.0279242 0.0269001 0.0269001 0.0258675 0.0009429 0.0009429 0.0038078 0.0018960 0.0000010 0.0018949 0.0000000 0.0028577 0.0028219 0.0028219 0.0028274 0.0028274 0.0037838 0.0037838 0.0037965 0.0037965 0.0018780 0.0018780 0.0037749 0.0037749 0.0047443 0.0047357 0.0056969 0.0047357 0.0028290 0.0028290 0.0063032 0.0041716 0.0041716 0.0052428 0.0052356 0.0031228 0.0063324 0.0053080 0.0302310 0.0277074 0.0300367 0.0275919 0.0275919 0.0287395 0.0287395 0.0275803 0.0300367 0.0300367 0.0259902 0.0259742 0.0275919 0.0431982 0.0431982 0.0491539 0.0449346 0.0449346 0.0436024 0.0435991 0.0435991 0.0442889 0.0442889 0.0491539 0.0455955 0.0424190 0.0424190 0.0437245 0.0435045 
KJ509443_1_Cottus_gulosus_isolate_Upper_Kingsgs7_c 0.0994016 0.0993049 0.0933657 0.0425807 0.0654534 0.0719628 0.0251331 0.0251331 0.0262391 0.0262391 0.0277502 0.0273941 0.0303575 0.0303575 0.0272118 0.0272118 0.0282486 0.0272118 0.0272118 0.0261664 0.0019018 0.0019018 0.0028654 0.0028665 0.0028577 0.0028665 0.0028577 0.0000000 0.0038155 0.0038155 0.0038230 0.0038230 0.0047978 0.0047978 0.0047935 0.0047935 0.0028566 0.0028566 0.0047852 0.0047852 0.0057758 0.0057649 0.0067431 0.0057649 0.0038253 0.0038253 0.0074207 0.0052607 0.0052607 0.0063483 0.0063384 0.0042005 0.0074561 0.0064284 0.0304092 0.0278672 0.0302123 0.0277502 0.0277502 0.0289055 0.0289055 0.0277384 0.0302123 0.0302123 0.0251331 0.0262757 0.0277502 0.0449927 0.0449927 0.0510802 0.0436574 0.0436574 0.0424266 0.0424233 0.0424233 0.0461034 0.0461034 0.0510802 0.0474443 0.0442140 0.0442140 0.0455539 0.0453204 
KJ509454_1_Cottus_gulosus_isolate_Merced1_cytochro 0.0963844 0.0962937 0.0892741 0.0380656 0.0594962 0.0657924 0.0265018 0.0265018 0.0268662 0.0268662 0.0287274 0.0280075 0.0301672 0.0301672 0.0285323 0.0285323 0.0295446 0.0285323 0.0285323 0.0275110 0.0018883 0.0018883 0.0047503 0.0028479 0.0028219 0.0028461 0.0028219 0.0038155 0.0000000 0.0000010 0.0018546 0.0018546 0.0027921 0.0027921 0.0028425 0.0028425 0.0009334 0.0009334 0.0028164 0.0028164 0.0037757 0.0037688 0.0047227 0.0037688 0.0018817 0.0018817 0.0052428 0.0031228 0.0031228 0.0041863 0.0041806 0.0020779 0.0052670 0.0042381 0.0313860 0.0288484 0.0311827 0.0287274 0.0287274 0.0298772 0.0298772 0.0287153 0.0311827 0.0311827 0.0276405 0.0269033 0.0287274 0.0397501 0.0397501 0.0456294 0.0436574 0.0436574 0.0424266 0.0424233 0.0424233 0.0408337 0.0408337 0.0456294 0.0421133 0.0390681 0.0390681 0.0403500 0.0406518 
KJ509455_1_Cottus_gulosus_isolate_Merced2_cytochro 0.0963844 0.0962937 0.0892741 0.0380656 0.0594962 0.0657924 0.0265018 0.0265018 0.0268662 0.0268662 0.0287274 0.0280075 0.0301672 0.0301672 0.0285323 0.0285323 0.0295446 0.0285323 0.0285323 0.0275110 0.0018883 0.0018883 0.0047503 0.0028479 0.0028219 0.0028461 0.0028219 0.0038155 0.0000010 0.0000000 0.0018546 0.0018546 0.0027921 0.0027921 0.0028425 0.0028425 0.0009334 0.0009334 0.0028164 0.0028164 0.0037757 0.0037688 0.0047227 0.0037688 0.0018817 0.0018817 0.0052428 0.0031228 0.0031228 0.0041863 0.0041806 0.0020779 0.0052670 0.0042381 0.0313860 0.0288484 0.0311827 0.0287274 0.0287274 0.0298772 0.0298772 0.0287153 0.0311827 0.0311827 0.0276405 0.0269033 0.0287274 0.0397501 0.0397501 0.0456294 0.0436574 0.0436574 0.0424266 0.0424233 0.0424233 0.0408337 0.0408337 0.0456294 0.0421133 0.0390681 0.0390681 0.0403500 0.0406518 
KJ509462_1_Cottus_gulosus_isolate_Upper_Tuolumne1_ 0.0934430 0.0933558 0.0863839 0.0403228 0.0623221 0.0687050 0.0265654 0.0265654 0.0269317 0.0269317 0.0288060 0.0280766 0.0314203 0.0314203 0.0286017 0.0286017 0.0296169 0.0286017 0.0286017 0.0275774 0.0018920 0.0018920 0.0047600 0.0028535 0.0028274 0.0028517 0.0028274 0.0038230 0.0018546 0.0018546 0.0000000 0.0000010 0.0009256 0.0009256 0.0028481 0.0028481 0.0009359 0.0009359 0.0028219 0.0028219 0.0037831 0.0037762 0.0047321 0.0037762 0.0018853 0.0018853 0.0052545 0.0031296 0.0031296 0.0041956 0.0041898 0.0020819 0.0052787 0.0042476 0.0314744 0.0289278 0.0312697 0.0288060 0.0288060 0.0299595 0.0299595 0.0287938 0.0312697 0.0312697 0.0277076 0.0269689 0.0288060 0.0420512 0.0420512 0.0479879 0.0463458 0.0463458 0.0448969 0.0448934 0.0448934 0.0431406 0.0431406 0.0479879 0.0444395 0.0413900 0.0413900 0.0426918 0.0429523 
KJ509463_1_Cottus_gulosus_isolate_Upper_Tuolumne2_ 0.0934430 0.0933558 0.0863839 0.0403228 0.0623221 0.0687050 0.0265654 0.0265654 0.0269317 0.0269317 0.0288060 0.0280766 0.0314203 0.0314203 0.0286017 0.0286017 0.0296169 0.0286017 0.0286017 0.0275774 0.0018920 0.0018920 0.0047600 0.0028535 0.0028274 0.0028517 0.0028274 0.0038230 0.0018546 0.0018546 0.0000010 0.0000000 0.0009256 0.0009256 0.0028481 0.0028481 0.0009359 0.0009359 0.0028219 0.0028219 0.0037831 0.0037762 0.0047321 0.0037762 0.0018853 0.0018853 0.0052545 0.0031296 0.0031296 0.0041956 0.0041898 0.0020819 0.0052787 0.0042476 0.0314744 0.0289278 0.0312697 0.0288060 0.0288060 0.0299595 0.0299595 0.0287938 0.0312697 0.0312697 0.0277076 0.0269689 0.0288060 0.0420512 0.0420512 0.0479879 0.0463458 0.0463458 0.0448969 0.0448934 0.0448934 0.0431406 0.0431406 0.0479879 0.0444395 0.0413900 0.0413900 0.0426918 0.0429523 
KJ509467_1_Cottus_gulosus_isolate_Upper_Tuolumne6_ 0.0951067 0.0950173 0.0880016 0.0415239 0.0638754 0.0703209 0.0276547 0.0276547 0.0280375 0.0280375 0.0300423 0.0291930 0.0326845 0.0326845 0.0297008 0.0297008 0.0307206 0.0297008 0.0297008 0.0286714 0.0028485 0.0028485 0.0057337 0.0038187 0.0037838 0.0038164 0.0037838 0.0047978 0.0027921 0.0027921 0.0009256 0.0009256 0.0000000 0.0000010 0.0038115 0.0038115 0.0018787 0.0018787 0.0037764 0.0037764 0.0047473 0.0047377 0.0057006 0.0047377 0.0028385 0.0028385 0.0063313 0.0041901 0.0041901 0.0052661 0.0052589 0.0031365 0.0063621 0.0053317 0.0327419 0.0301707 0.0325264 0.0300423 0.0300423 0.0312022 0.0312022 0.0300296 0.0325264 0.0325264 0.0288077 0.0280766 0.0300423 0.0432787 0.0432787 0.0492565 0.0477904 0.0477904 0.0462207 0.0462171 0.0462171 0.0443731 0.0443731 0.0492565 0.0456846 0.0426278 0.0426278 0.0439425 0.0441812 
KJ509468_1_Cottus_gulosus_isolate_Upper_Tuolumne7_ 0.0951067 0.0950173 0.0880016 0.0415239 0.0638754 0.0703209 0.0276547 0.0276547 0.0280375 0.0280375 0.0300423 0.0291930 0.0326845 0.0326845 0.0297008 0.0297008 0.0307206 0.0297008 0.0297008 0.0286714 0.0028485 0.0028485 0.0057337 0.0038187 0.0037838 0.0038164 0.0037838 0.0047978 0.0027921 0.0027921 0.0009256 0.0009256 0.0000010 0.0000000 0.0038115 0.0038115 0.0018787 0.0018787 0.0037764 0.0037764 0.0047473 0.0047377 0.0057006 0.0047377 0.0028385 0.0028385 0.0063313 0.0041901 0.0041901 0.0052661 0.0052589 0.0031365 0.0063621 0.0053317 0.0327419 0.0301707 0.0325264 0.0300423 0.0300423 0.0312022 0.0312022 0.0300296 0.0325264 0.0325264 0.0288077 0.0280766 0.0300423 0.0432787 0.0432787 0.0492565 0.0477904 0.0477904 0.0462207 0.0462171 0.0462171 0.0443731 0.0443731 0.0492565 0.0456846 0.0426278 0.0426278 0.0439425 0.0441812 
KJ509469_1_Cottus_gulosus_isolate_Stanislaus1_cyto 0.0972301 0.0971366 0.0912708 0.0389974 0.0611437 0.0675195 0.0250488 0.0250488 0.0261507 0.0261507 0.0277074 0.0273011 0.0303097 0.0303097 0.0271202 0.0271202 0.0281533 0.0271202 0.0271202 0.0260785 0.0028461 0.0028461 0.0057737 0.0038155 0.0037965 0.0038131 0.0037965 0.0047935 0.0028425 0.0028425 0.0028481 0.0028481 0.0038115 0.0038115 0.0000000 0.0000010 0.0018917 0.0018917 0.0038025 0.0038025 0.0047803 0.0047705 0.0057402 0.0047705 0.0028498 0.0028498 0.0042025 0.0020859 0.0020859 0.0031458 0.0031415 0.0010402 0.0042218 0.0031847 0.0303611 0.0278240 0.0301649 0.0277074 0.0277074 0.0288607 0.0288607 0.0276957 0.0301649 0.0301649 0.0262033 0.0261870 0.0277074 0.0413676 0.0413676 0.0473520 0.0451600 0.0451600 0.0438026 0.0437992 0.0437992 0.0424670 0.0424670 0.0473520 0.0437742 0.0405675 0.0405675 0.0418731 0.0416608 
KJ509470_1_Cottus_gulosus_isolate_Stanislaus2_cyto 0.0972301 0.0971366 0.0912708 0.0389974 0.0611437 0.0675195 0.0250488 0.0250488 0.0261507 0.0261507 0.0277074 0.0273011 0.0303097 0.0303097 0.0271202 0.0271202 0.0281533 0.0271202 0.0271202 0.0260785 0.0028461 0.0028461 0.0057737 0.0038155 0.0037965 0.0038131 0.0037965 0.0047935 0.0028425 0.0028425 0.0028481 0.0028481 0.0038115 0.0038115 0.0000010 0.0000000 0.0018917 0.0018917 0.0038025 0.0038025 0.0047803 0.0047705 0.0057402 0.0047705 0.0028498 0.0028498 0.0042025 0.0020859 0.0020859 0.0031458 0.0031415 0.0010402 0.0042218 0.0031847 0.0303611 0.0278240 0.0301649 0.0277074 0.0277074 0.0288607 0.0288607 0.0276957 0.0301649 0.0301649 0.0262033 0.0261870 0.0277074 0.0413676 0.0413676 0.0473520 0.0451600 0.0451600 0.0438026 0.0437992 0.0437992 0.0424670 0.0424670 0.0473520 0.0437742 0.0405675 0.0405675 0.0418731 0.0416608 
KJ509477_1_Cottus_gulosus_isolate_Mokelumne1_cytoc 0.0950264 0.0949360 0.0891333 0.0384979 0.0607835 0.0671046 0.0247474 0.0247474 0.0258345 0.0258345 0.0275803 0.0269689 0.0301672 0.0301672 0.0267926 0.0267926 0.0278128 0.0267926 0.0267926 0.0257642 0.0009425 0.0009425 0.0037929 0.0018953 0.0018780 0.0018941 0.0018780 0.0028566 0.0009334 0.0009334 0.0009359 0.0009359 0.0018787 0.0018787 0.0018917 0.0018917 0.0000000 0.0000010 0.0018744 0.0018744 0.0028269 0.0028217 0.0037718 0.0028217 0.0009392 0.0009392 0.0041863 0.0020779 0.0020779 0.0031337 0.0031294 0.0010369 0.0042056 0.0031724 0.0302181 0.0276957 0.0300240 0.0275803 0.0275803 0.0287274 0.0287274 0.0275686 0.0300240 0.0300240 0.0258859 0.0258699 0.0275803 0.0408337 0.0408337 0.0467297 0.0449148 0.0449148 0.0435846 0.0435813 0.0435813 0.0419182 0.0419182 0.0467297 0.0432046 0.0401626 0.0401626 0.0414517 0.0411185 
KJ509478_1_Cottus_gulosus_isolate_Mokelumne2_cytoc 0.0950264 0.0949360 0.0891333 0.0384979 0.0607835 0.0671046 0.0247474 0.0247474 0.0258345 0.0258345 0.0275803 0.0269689 0.0301672 0.0301672 0.0267926 0.0267926 0.0278128 0.0267926 0.0267926 0.0257642 0.0009425 0.0009425 0.0037929 0.0018953 0.0018780 0.0018941 0.0018780 0.0028566 0.0009334 0.0009334 0.0009359 0.0009359 0.0018787 0.0018787 0.0018917 0.0018917 0.0000010 0.0000000 0.0018744 0.0018744 0.0028269 0.0028217 0.0037718 0.0028217 0.0009392 0.0009392 0.0041863 0.0020779 0.0020779 0.0031337 0.0031294 0.0010369 0.0042056 0.0031724 0.0302181 0.0276957 0.0300240 0.0275803 0.0275803 0.0287274 0.0287274 0.0275686 0.0300240 0.0300240 0.0258859 0.0258699 0.0275803 0.0408337 0.0408337 0.0467297 0.0449148 0.0449148 0.0435846 0.0435813 0.0435813 0.0419182 0.0419182 0.0467297 0.0432046 0.0401626 0.0401626 0.0414517 0.0411185 
KJ509485_1_Cottus_gulosus_isolate_SF_American1_cyt 0.0954159 0.0953246 0.0894881 0.0407816 0.0623221 0.0687050 0.0268577 0.0268577 0.0279579 0.0279579 0.0299468 0.0291093 0.0325781 0.0325781 0.0268577 0.0268577 0.0278807 0.0289162 0.0289162 0.0278807 0.0028419 0.0028419 0.0057198 0.0038097 0.0037749 0.0038074 0.0037749 0.0047852 0.0028164 0.0028164 0.0028219 0.0028219 0.0037764 0.0037764 0.0038025 0.0038025 0.0018744 0.0018744 0.0000000 0.0000010 0.0009373 0.0009356 0.0018758 0.0009356 0.0028318 0.0028318 0.0063146 0.0041791 0.0041791 0.0052523 0.0052450 0.0031283 0.0063449 0.0053176 0.0326350 0.0300743 0.0324211 0.0299468 0.0299468 0.0311024 0.0311024 0.0299342 0.0324211 0.0324211 0.0280139 0.0279968 0.0299468 0.0420512 0.0420512 0.0479879 0.0463458 0.0463458 0.0448969 0.0448934 0.0448934 0.0431406 0.0431406 0.0479879 0.0444395 0.0413900 0.0413900 0.0426918 0.0423474 
KJ509486_1_Cottus_gulosus_isolate_SF_American2_cyt 0.0954159 0.0953246 0.0894881 0.0407816 0.0623221 0.0687050 0.0268577 0.0268577 0.0279579 0.0279579 0.0299468 0.0291093 0.0325781 0.0325781 0.0268577 0.0268577 0.0278807 0.0289162 0.0289162 0.0278807 0.0028419 0.0028419 0.0057198 0.0038097 0.0037749 0.0038074 0.0037749 0.0047852 0.0028164 0.0028164 0.0028219 0.0028219 0.0037764 0.0037764 0.0038025 0.0038025 0.0018744 0.0018744 0.0000010 0.0000000 0.0009373 0.0009356 0.0018758 0.0009356 0.0028318 0.0028318 0.0063146 0.0041791 0.0041791 0.0052523 0.0052450 0.0031283 0.0063449 0.0053176 0.0326350 0.0300743 0.0324211 0.0299468 0.0299468 0.0311024 0.0311024 0.0299342 0.0324211 0.0324211 0.0280139 0.0279968 0.0299468 0.0420512 0.0420512 0.0479879 0.0463458 0.0463458 0.0448969 0.0448934 0.0448934 0.0431406 0.0431406 0.0479879 0.0444395 0.0413900 0.0413900 0.0426918 0.0423474 
KJ509488_1_Cottus_gulosus_isolate_SF_American4_cyt 0.0973770 0.0972829 0.0913874 0.0420841 0.0623221 0.0687050 0.0280139 0.0280139 0.0291251 0.0291251 0.0299468 0.0302897 0.0325781 0.0325781 0.0280139 0.0280139 0.0290437 0.0300865 0.0300865 0.0290437 0.0038099 0.0038099 0.0067107 0.0047894 0.0047443 0.0047864 0.0047443 0.0057758 0.0037757 0.0037757 0.0037831 0.0037831 0.0047473 0.0047473 0.0047803 0.0047803 0.0028269 0.0028269 0.0009373 0.0009373 0.0000000 0.0018813 0.0028291 0.0018813 0.0037964 0.0037964 0.0063146 0.0041791 0.0041791 0.0052523 0.0052450 0.0031283 0.0063449 0.0053176 0.0326350 0.0300743 0.0324211 0.0299468 0.0299468 0.0311024 0.0311024 0.0299342 0.0324211 0.0324211 0.0291837 0.0291660 0.0299468 0.0433684 0.0433684 0.0493605 0.0479059 0.0479059 0.0463233 0.0463197 0.0463197 0.0444652 0.0444652 0.0493605 0.0457802 0.0427170 0.0427170 0.0440352 0.0436779 
KJ509489_1_Cottus_gulosus_isolate_SF_American5_cyt 0.0937221 0.0936331 0.0878375 0.0395755 0.0607835 0.0671046 0.0279579 0.0279579 0.0290666 0.0290666 0.0311867 0.0302286 0.0338458 0.0338458 0.0279579 0.0279579 0.0289857 0.0300262 0.0300262 0.0289857 0.0038029 0.0038029 0.0066981 0.0047795 0.0047357 0.0047766 0.0047357 0.0057649 0.0037688 0.0037688 0.0037762 0.0037762 0.0047377 0.0047377 0.0047705 0.0047705 0.0028217 0.0028217 0.0009356 0.0009356 0.0018813 0.0000000 0.0028240 0.0018779 0.0037895 0.0037895 0.0073979 0.0052450 0.0052450 0.0063283 0.0041788 0.0041880 0.0074331 0.0064086 0.0339060 0.0313208 0.0336811 0.0311867 0.0311867 0.0323486 0.0323486 0.0311736 0.0336811 0.0336811 0.0291251 0.0291074 0.0311867 0.0408337 0.0408337 0.0467297 0.0463458 0.0463458 0.0435846 0.0435813 0.0435813 0.0419182 0.0419182 0.0467297 0.0432046 0.0401626 0.0401626 0.0414517 0.0411185 
KJ509490_1_Cottus_gulosus_isolate_SF_American6_cyt 0.0973334 0.0972393 0.0913447 0.0431499 0.0639977 0.0704615 0.0290262 0.0290262 0.0301415 0.0301415 0.0312357 0.0313120 0.0339002 0.0339002 0.0290262 0.0290262 0.0300569 0.0311009 0.0311009 0.0300569 0.0047656 0.0047656 0.0076747 0.0057511 0.0056969 0.0057476 0.0056969 0.0067431 0.0047227 0.0047227 0.0047321 0.0047321 0.0057006 0.0057006 0.0057402 0.0057402 0.0037718 0.0037718 0.0018758 0.0018758 0.0028291 0.0028240 0.0000000 0.0028240 0.0047487 0.0047487 0.0074079 0.0052519 0.0052519 0.0063366 0.0063279 0.0041935 0.0074432 0.0064173 0.0339607 0.0313703 0.0337349 0.0312357 0.0312357 0.0323997 0.0323997 0.0312225 0.0337349 0.0337349 0.0302023 0.0301840 0.0312357 0.0444395 0.0444395 0.0504452 0.0478746 0.0478746 0.0474675 0.0474638 0.0474638 0.0455366 0.0455366 0.0504452 0.0468578 0.0437996 0.0437996 0.0451243 0.0447584 
KJ509491_1_Cottus_gulosus_isolate_SF_American7_cyt 0.0971155 0.0970220 0.0911460 0.0419946 0.0638698 0.0703145 0.0279579 0.0279579 0.0290666 0.0290666 0.0311867 0.0302286 0.0338458 0.0338458 0.0279579 0.0279579 0.0289857 0.0300262 0.0300262 0.0289857 0.0038029 0.0038029 0.0066981 0.0047795 0.0047357 0.0047766 0.0047357 0.0057649 0.0037688 0.0037688 0.0037762 0.0037762 0.0047377 0.0047377 0.0047705 0.0047705 0.0028217 0.0028217 0.0009356 0.0009356 0.0018813 0.0018779 0.0028240 0.0000000 0.0037895 0.0037895 0.0073979 0.0052450 0.0052450 0.0063283 0.0063195 0.0041880 0.0074331 0.0064086 0.0339060 0.0313208 0.0336811 0.0311867 0.0311867 0.0323486 0.0323486 0.0311736 0.0336811 0.0336811 0.0291251 0.0291074 0.0311867 0.0432755 0.0432755 0.0492529 0.0477864 0.0477864 0.0462171 0.0462135 0.0462135 0.0443699 0.0443699 0.0492529 0.0456813 0.0426247 0.0426247 0.0439393 0.0435836 
KJ509492_1_Cottus_gulosus_isolate_NMF_American1_cy 0.0966341 0.0965418 0.0907152 0.0398233 0.0620969 0.0684451 0.0259200 0.0259200 0.0270188 0.0270188 0.0287274 0.0281673 0.0313323 0.0313323 0.0279809 0.0279809 0.0290085 0.0279809 0.0279809 0.0269443 0.0018931 0.0018931 0.0047767 0.0028552 0.0028290 0.0028534 0.0028290 0.0038253 0.0018817 0.0018817 0.0018853 0.0018853 0.0028385 0.0028385 0.0028498 0.0028498 0.0009392 0.0009392 0.0028318 0.0028318 0.0037964 0.0037895 0.0047487 0.0037895 0.0000000 0.0000010 0.0052428 0.0031228 0.0031228 0.0041863 0.0041806 0.0020779 0.0052670 0.0042381 0.0313860 0.0288484 0.0311827 0.0287274 0.0287274 0.0298772 0.0298772 0.0287153 0.0311827 0.0311827 0.0270729 0.0270563 0.0287274 0.0421815 0.0421815 0.0481329 0.0461934 0.0461934 0.0448985 0.0448950 0.0448950 0.0432735 0.0432735 0.0481329 0.0445760 0.0412743 0.0412743 0.0425709 0.0424796 
